Datum;Erster;Hoch;Tief;Schlusskurs;Stuecke;Volumen
2025-07-11;110,60;110,60;109,60;109,80;20.674;2.274.193
2025-07-10;109,55;110,95;109,50;110,90;372.351;41.218.554
2025-07-09;108,95;110,10;108,35;109,30;210.931;23.058.044
2025-07-08;107,85;109,45;107,45;108,80;344.765;37.438.410
2025-07-07;108,10;108,20;107,20;108,20;256.382;27.689.906
2025-07-04;107,80;108,45;107,35;107,95;168.884;18.246.956
2025-07-03;108,15;109,00;107,60;108,15;239.357;25.893.705
2025-07-02;108,20;108,35;106,85;107,85;326.275;35.158.913
2025-07-01;106,85;108,00;105,95;107,90;332.983;35.697.263
2025-06-30;107,75;108,00;106,40;106,60;377.911;40.398.434
2025-06-27;106,55;107,70;106,55;106,90;333.887;35.707.441
2025-06-26;106,85;107,30;105,95;105,95;239.021;25.445.295
2025-06-25;107,85;108,50;106,75;106,75;343.670;36.847.278
2025-06-24;109,00;109,80;108,00;108,10;353.315;38.358.473
2025-06-23;105,50;108,40;105,40;107,25;365.298;39.251.761
2025-06-20;106,15;107,70;105,80;106,50;950.049;101.252.879
2025-06-19;105,95;107,25;105,90;106,05;271.132;28.860.941
2025-06-18;107,65;109,00;106,95;107,35;413.568;44.531.447
2025-06-17;109,65;110,90;109,05;109,70;301.889;33.177.503
2025-06-16;114,25;114,35;110,00;110,55;589.989;65.900.081
2025-06-13;116,00;117,00;115,45;115,45;240.091;27.825.365
2025-06-12;117,60;118,10;117,10;117,10;206.790;24.268.604
2025-06-11;118,25;119,05;117,95;118,45;291.699;34.582.930
2025-06-10;118,40;119,30;118,25;118,80;191.180;22.700.042
2025-06-09;119,50;119,75;118,00;118,15;236.364;27.982.376
2025-06-06;118,65;119,95;118,30;119,75;195.551;23.378.912
2025-06-05;119,80;120,10;118,25;118,60;215.646;25.647.973
2025-06-04;116,95;119,05;116,50;118,95;382.389;45.377.107
2025-06-03;118,80;118,95;115,65;116,90;325.160;37.982.523
2025-06-02;119,90;120,30;117,60;118,05;275.556;32.605.768
2025-05-30;121,00;122,55;120,55;120,65;685.582;82.816.041
2025-05-29;120,35;121,55;120,05;120,70;242.807;29.295.353
2025-05-28;122,20;122,40;120,50;120,50;229.155;27.751.122
2025-05-27;121,00;122,60;120,40;122,40;253.231;30.922.064
2025-05-26;121,10;121,75;120,65;120,80;110.077;13.306.829
2025-05-23;120,95;121,05;119,10;120,45;230.831;27.753.805
2025-05-22;122,00;122,15;120,20;120,95;237.755;28.772.389
2025-05-21;121,00;122,45;120,65;122,45;329.132;40.120.830
2025-05-20;121,00;122,00;120,55;121,50;190.737;23.162.746
2025-05-19;119,55;121,00;119,55;120,90;229.143;27.658.081
2025-05-16;120,30;121,40;119,50;119,85;251.815;30.277.071
2025-05-15;118,85;119,50;118,25;119,30;193.523;23.056.199
2025-05-14;119,05;119,25;118,05;118,70;229.310;27.225.622
2025-05-13;122,20;122,45;118,70;119,35;314.197;37.736.139
2025-05-12;121,20;122,65;119,90;121,90;161.307;19.626.150
2025-05-09;119,75;121,40;119,35;120,75;177.655;21.446.051
2025-05-08;120,85;122,00;119,65;119,90;245.582;29.553.905
2025-05-07;119,65;120,55;118,20;120,00;381.265;45.673.538
2025-05-06;126,30;127,45;121,15;121,60;472.064;58.191.963
2025-05-05;125,45;127,00;125,45;126,85;176.122;22.319.607
2025-05-02;124,20;126,05;123,20;124,85;297.061;37.115.938
2025-04-30;123,60;124,50;122,60;124,00;305.637;37.850.460
2025-04-29;121,75;123,15;121,25;122,70;317.264;38.900.210
2025-04-28;120,85;122,10;120,55;121,15;169.283;20.532.379
2025-04-25;120,80;121,25;119,65;119,85;278.509;33.460.580
2025-04-24;120,05;121,20;119,70;120,95;366.332;44.251.478
2025-04-23;119,20;121,35;118,80;120,35;290.423;34.949.719
2025-04-22;118,45;119,35;117,00;118,95;313.494;37.170.347
2025-04-17;120,10;120,45;118,95;119,15;268.899;32.169.678
2025-04-16;118,95;120,25;117,70;120,25;290.901;34.775.646
2025-04-15;121,00;121,70;115,35;118,95;476.682;56.493.951
2025-04-14;116,65;118,15;115,85;117,55;374.019;43.918.624
2025-04-11;116,90;117,05;114,25;114,85;478.419;55.119.465
2025-04-10;116,05;118,25;115,45;115,80;471.926;54.923.117
2025-04-09;114,70;115,10;110,95;112,95;410.544;46.360.873
2025-04-08;113,50;116,55;112,90;116,40;384.940;44.493.194
2025-04-07;115,80;117,45;112,80;112,80;606.269;69.154.212
2025-04-04;121,20;125,20;120,15;120,40;602.291;73.656.946
2025-04-03;120,05;122,60;120,05;120,85;324.086;39.242.920
2025-04-02;118,50;120,35;118,25;120,35;322.709;38.624.976
2025-04-01;120,10;120,30;118,50;118,90;311.252;37.069.271
2025-03-31;119,90;120,70;118,45;119,40;281.469;33.635.149
2025-03-28;119,45;121,30;119,30;120,35;379.381;45.642.900
2025-03-27;118,40;120,35;117,30;119,85;426.308;50.871.506
2025-03-26;118,40;119,25;117,65;118,05;378.155;44.742.707
2025-03-25;121,90;122,40;118,20;118,70;516.140;61.625.915
2025-03-24;127,85;128,00;121,90;121,90;517.631;63.686.027
2025-03-21;128,20;129,20;126,20;127,20;706.982;89.933.748
2025-03-20;131,15;131,95;130,40;130,85;241.062;31.549.951
2025-03-19;130,85;132,30;130,05;131,35;176.091;23.084.093
2025-03-18;134,15;134,15;130,40;131,55;360.413;47.444.089
2025-03-17;134,00;134,00;132,05;133,65;217.523;28.973.783
2025-03-14;134,55;135,45;133,05;134,05;217.055;29.092.125
2025-03-13;136,10;136,25;132,65;133,75;245.176;32.840.121
2025-03-12;134,90;136,05;134,35;135,85;369.253;50.065.091
2025-03-11;135,40;136,05;133,95;134,45;339.958;45.767.638
2025-03-10;133,55;136,25;133,50;135,45;314.593;42.550.712
2025-03-07;134,25;134,30;130,80;133,15;263.060;34.907.038
2025-03-06;136,40;136,85;133,10;134,50;355.076;47.775.503
2025-03-05;136,10;137,70;135,30;137,10;375.648;51.469.552
2025-03-04;134,50;136,20;133,20;136,20;406.274;55.125.776
2025-03-03;131,60;135,10;130,70;134,70;322.073;43.126.495
2025-02-28;131,10;134,30;130,85;132,25;634.645;84.114.801
2025-02-27;129,00;132,40;127,60;131,75;432.569;56.578.659
2025-02-26;125,70;128,40;125,65;127,15;238.400;30.345.710
2025-02-25;128,60;128,95;124,70;125,90;345.892;43.698.491
2025-02-24;129,05;129,50;128,30;129,05;149.386;19.277.814
2025-02-21;127,40;128,35;127,05;128,15;200.161;25.603.055
2025-02-20;127,25;127,45;125,95;127,20;193.078;24.518.022
2025-02-19;128,30;128,80;126,35;126,90;227.403;28.923.067
2025-02-18;127,50;128,40;126,00;127,75;204.797;26.132.220
2025-02-17;124,95;127,30;124,95;127,20;134.989;17.110.301
2025-02-14;126,95;127,20;125,70;125,75;231.430;29.184.491
2025-02-13;126,70;127,75;124,45;127,05;298.428;37.702.189
2025-02-12;128,25;128,70;125,90;126,90;184.558;23.443.176
2025-02-11;128,25;128,75;127,05;127,70;178.242;22.785.595
2025-02-10;126,65;128,25;126,20;128,25;169.398;21.663.898
2025-02-07;125,95;126,95;124,80;126,40;345.293;43.576.349
2025-02-06;126,90;127,15;125,45;126,65;189.689;23.992.508
2025-02-05;126,45;126,95;125,85;126,30;148.501;18.761.565
2025-02-04;128,40;128,60;126,40;126,95;153.210;19.492.999
2025-02-03;127,00;129,10;126,25;128,85;218.021;27.984.145
2025-01-31;130,90;131,40;128,65;128,95;178.799;23.114.083
2025-01-30;128,20;130,90;128,15;130,40;156.483;20.364.922
2025-01-29;128,00;128,95;126,45;127,90;149.934;19.189.816
2025-01-28;128,60;130,00;128,30;128,70;151.865;19.572.345
2025-01-27;126,25;128,90;125,90;128,90;215.392;27.646.714
2025-01-24;126,25;127,85;125,40;125,95;215.449;27.228.719
2025-01-23;126,55;126,55;125,45;125,95;173.285;21.824.735
2025-01-22;124,45;128,10;124,45;126,35;254.604;32.135.071
2025-01-21;125,15;125,70;124,60;124,75;152.710;19.077.690
2025-01-20;126,30;126,70;125,45;125,45;126.442;15.902.591
2025-01-17;125,50;127,15;124,90;126,20;271.251;34.159.496
2025-01-16;124,50;125,80;124,05;124,95;169.551;21.189.534
2025-01-15;122,95;124,10;122,15;123,60;194.682;24.029.283
2025-01-14;123,75;125,30;123,70;123,70;325.061;40.340.110
2025-01-13;126,75;127,05;125,35;126,10;152.541;19.240.298
2025-01-10;128,10;128,45;125,95;127,25;254.524;32.341.737
2025-01-09;128,40;130,10;127,45;128,10;266.392;34.131.340
2025-01-08;126,25;127,20;125,20;127,00;244.766;30.990.943
2025-01-07;122,35;127,40;122,30;127,00;262.039;33.078.321
2025-01-06;122,35;124,25;120,85;123,00;194.771;23.937.152
2025-01-03;123,55;124,10;122,30;122,45;197.977;24.379.854
2025-01-02;123,15;124,05;122,55;123,70;197.647;24.392.534
2024-12-30;123,25;124,10;123,05;124,00;110.979;13.753.816
2024-12-27;122,85;123,50;122,65;123,20;136.791;16.850.655
2024-12-23;122,35;123,30;121,95;123,30;120.773;14.872.110
2024-12-20;122,30;123,00;121,65;122,85;355.887;43.645.716
2024-12-19;122,30;123,20;121,85;122,90;209.913;25.758.867
2024-12-18;124,30;124,40;122,75;122,90;149.156;18.363.416
2024-12-17;123,75;125,05;122,95;124,65;178.189;22.171.674
2024-12-16;124,50;124,85;121,85;124,10;215.999;26.719.674
2024-12-13;126,00;126,00;124,45;124,70;177.125;22.124.191
2024-12-12;124,25;126,00;124,15;126,00;299.776;37.639.679
2024-12-11;123,15;125,05;123,05;124,40;220.584;27.435.519
2024-12-10;124,35;124,80;122,80;122,90;181.031;22.334.093
2024-12-09;122,85;125,15;122,85;124,65;233.942;29.108.651
2024-12-06;122,35;125,75;122,00;123,00;349.388;43.241.633
2024-12-05;122,75;123,05;121,75;121,95;127.865;15.614.379
2024-12-04;122,90;123,35;121,40;122,60;275.259;33.690.537
2024-12-03;123,70;123,90;122,65;123,00;201.765;24.832.288
2024-12-02;122,90;123,75;122,20;123,75;190.026;23.471.209
2024-11-29;123,00;123,45;121,90;122,65;192.723;23.648.932
2024-11-28;124,10;124,55;123,30;123,30;113.150;13.995.615
2024-11-27;122,00;124,15;121,95;123,90;214.754;26.543.698
2024-11-26;122,40;122,70;120,50;121,40;212.209;25.749.830
2024-11-25;123,20;123,90;122,75;123,50;413.316;51.022.644
2024-11-22;121,15;123,45;121,00;122,90;191.508;23.483.564
2024-11-21;120,50;121,45;120,10;121,15;164.086;19.850.352
2024-11-20;121,65;122,10;120,45;120,50;143.979;17.375.990
2024-11-19;122,65;123,05;120,40;121,40;229.384;27.816.380
2024-11-18;124,60;124,85;121,90;122,95;131.353;16.142.568
2024-11-15;123,85;124,55;123,25;124,30;229.808;28.550.831
2024-11-14;123,60;124,70;123,30;123,90;133.412;16.534.360
2024-11-13;123,05;123,80;122,55;123,80;224.143;27.681.094
2024-11-12;123,50;123,95;122,70;123,55;215.271;26.596.397
2024-11-11;125,60;126,55;124,30;124,40;176.091;21.978.136
2024-11-08;125,40;126,30;124,70;124,85;174.576;21.861.750
2024-11-07;123,40;125,65;123,40;125,10;217.291;27.172.849
2024-11-06;127,80;129,15;123,60;123,60;237.016;29.669.189
2024-11-05;125,60;128,25;125,05;127,30;296.191;37.611.722
2024-11-04;124,80;126,20;124,80;125,20;137.607;17.262.196
2024-11-01;123,55;125,75;123,55;125,05;324.448;40.494.368
2024-10-31;125,85;125,90;122,85;124,00;327.666;40.669.973
2024-10-30;127,00;127,55;125,40;126,55;294.512;37.249.981
2024-10-29;129,40;130,20;127,50;128,20;225.210;28.916.205
2024-10-28;129,70;130,20;128,35;128,90;184.608;23.805.429
2024-10-25;130,25;130,40;128,80;129,00;214.917;27.780.983
2024-10-24;132,10;132,75;130,35;130,60;346.448;45.490.616
2024-10-23;125,90;128,85;125,15;127,05;321.357;40.818.463
2024-10-22;128,80;129,40;127,75;128,10;233.983;30.004.010
2024-10-21;131,75;131,80;129,15;129,15;245.057;31.781.389
2024-10-18;131,60;132,05;130,60;131,80;250.592;32.927.772
2024-10-17;130,95;132,15;129,95;131,90;237.457;31.247.953
2024-10-16;131,05;131,55;130,25;130,80;353.006;46.204.773
2024-10-15;133,85;133,85;131,60;131,90;325.052;42.962.691
2024-10-14;133,55;134,45;133,00;133,85;113.324;15.154.655
2024-10-11;132,35;133,60;132,35;133,60;173.449;23.122.990
2024-10-10;132,85;133,15;131,35;132,65;248.008;32.857.241
2024-10-09;132,65;133,30;132,55;133,15;144.338;19.205.912
2024-10-08;130,50;132,15;130,20;132,05;143.081;18.873.958
2024-10-07;132,50;132,70;131,20;131,30;174.778;22.988.956
2024-10-04;131,50;132,90;130,95;132,30;209.795;27.677.903
2024-10-03;134,45;134,45;131,90;131,90;166.858;22.072.484
2024-10-02;134,75;135,85;133,85;134,25;162.205;21.808.459
2024-10-01;135,25;135,80;134,20;134,55;209.042;28.176.969
2024-09-30;135,15;136,70;134,90;135,15;293.401;39.777.503
2024-09-27;135,40;135,80;134,00;134,85;193.649;26.105.551
2024-09-26;132,90;135,15;132,90;134,85;282.490;38.007.940
2024-09-25;129,65;132,35;129,50;131,95;265.959;35.012.037
2024-09-24;128,65;129,85;128,45;129,85;171.148;22.175.189
2024-09-23;128,15;130,75;127,75;128,40;303.203;39.042.857
2024-09-20;128,65;129,20;127,15;127,60;533.546;68.213.800
2024-09-19;125,10;129,80;124,60;128,70;435.737;55.976.802
2024-09-18;125,60;126,00;124,20;124,20;186.210;23.180.865
2024-09-17;127,30;127,30;125,20;125,70;270.342;34.020.175
2024-09-16;126,55;127,30;126,00;126,95;198.274;25.124.991
2024-09-13;126,40;127,00;125,85;126,80;140.183;17.745.071
2024-09-12;127,00;128,05;126,00;126,60;192.233;24.389.074
2024-09-11;127,00;127,95;126,50;126,70;171.875;21.807.522
2024-09-10;127,65;128,30;127,05;127,20;164.572;20.964.540
2024-09-09;127,80;128,35;127,10;128,00;143.580;18.370.811
2024-09-06;128,90;128,95;127,75;127,85;244.715;31.344.949
2024-09-05;129,30;130,10;128,15;129,15;191.504;24.688.166
2024-09-04;129,95;130,00;128,80;129,45;229.096;29.659.698
2024-09-03;130,20;130,85;130,10;130,55;124.527;16.254.669
2024-09-02;130,80;130,95;129,40;130,05;144.772;18.827.328
2024-08-30;131,00;131,40;130,35;130,75;369.521;48.334.180
2024-08-29;129,40;131,30;129,30;131,30;142.186;18.598.089
2024-08-28;129,00;130,05;128,75;129,50;190.973;24.748.528
2024-08-27;127,90;129,25;127,65;128,75;218.307;28.107.505
2024-08-26;127,85;128,30;127,00;127,85;99.343;12.695.302
2024-08-23;127,15;128,20;126,50;128,00;211.689;27.055.289
2024-08-22;126,75;127,25;126,25;126,85;166.561;21.137.074
2024-08-21;125,25;126,95;125,05;126,75;248.265;31.341.430
2024-08-20;124,15;125,15;123,85;124,95;198.560;24.789.445
2024-08-19;124,10;124,65;123,15;124,25;159.698;19.825.509
2024-08-16;124,55;125,00;124,05;124,25;194.723;24.216.315
2024-08-15;124,30;125,25;123,60;124,65;234.781;29.236.558
2024-08-14;124,00;125,20;123,30;124,05;213.702;26.511.920
2024-08-13;124,60;124,90;122,50;123,70;491.022;60.671.238
2024-08-12;126,15;126,30;124,55;124,55;386.694;48.277.128
2024-08-09;125,60;126,50;124,85;125,95;337.540;42.449.669
2024-08-08;128,30;128,55;125,10;126,10;398.635;50.271.406
2024-08-07;125,00;130,25;123,65;128,40;763.231;97.395.272
2024-08-06;131,00;132,10;130,35;131,40;417.465;54.781.554
2024-08-05;130,90;131,95;129,35;131,20;322.194;42.099.758
2024-08-02;131,85;133,25;131,15;131,25;354.461;46.695.749
2024-08-01;133,20;134,00;131,60;131,90;347.424;46.021.018
2024-07-31;136,45;136,55;131,20;134,20;523.950;70.061.120
2024-07-30;135,60;136,65;135,50;135,55;316.070;42.916.180
2024-07-29;136,40;136,85;135,15;135,40;243.794;33.108.359
2024-07-26;134,80;137,05;134,75;136,75;235.426;32.129.090
2024-07-25;136,20;137,15;135,10;135,30;198.174;26.872.813
2024-07-24;136,00;136,35;134,60;135,30;303.435;41.077.085
2024-07-23;138,30;138,45;137,15;137,20;216.327;29.723.046
2024-07-22;138,00;139,20;137,95;138,25;127.651;17.674.954
2024-07-19;137,25;137,85;137,05;137,10;203.841;27.982.926
2024-07-18;138,35;138,75;137,60;137,65;201.217;27.742.629
2024-07-17;135,80;137,85;135,80;137,10;284.215;38.904.128
2024-07-16;136,35;136,40;135,10;135,85;352.668;47.892.184
2024-07-15;138,35;138,75;136,90;136,90;186.358;25.580.884
2024-07-12;137,60;138,55;136,45;138,35;342.299;47.188.632
2024-07-11;138,75;138,75;136,50;137,65;256.923;35.327.449
2024-07-10;138,15;138,60;137,75;138,40;364.139;50.343.368
2024-07-09;137,75;139,45;137,55;137,85;276.510;38.239.764
2024-07-08;136,30;137,90;136,20;137,90;253.039;34.802.369
2024-07-05;136,05;137,10;135,65;136,25;284.015;38.699.090
2024-07-04;135,85;136,65;135,55;136,15;228.871;31.164.175
2024-07-03;136,60;136,75;134,95;135,80;270.399;36.670.392
2024-07-02;135,85;137,05;135,05;136,60;411.901;56.178.275
2024-07-01;136,80;137,25;135,95;136,55;323.738;44.240.556
2024-06-28;139,20;139,20;135,95;136,55;596.557;81.592.167
2024-06-27;142,05;142,25;138,30;138,45;396.880;55.323.307
2024-06-26;141,15;142,25;140,25;142,00;333.750;47.274.550
2024-06-25;142,50;143,15;140,50;140,95;322.953;45.683.455
2024-06-24;140,75;141,90;140,75;141,75;268.822;38.058.384
2024-06-21;140,15;141,40;140,00;141,00;769.947;108.513.075
2024-06-20;139,60;140,85;139,20;140,45;303.753;42.604.889
2024-06-19;141,80;141,95;137,95;139,55;412.547;57.580.254
2024-06-18;146,00;146,85;141,55;142,05;577.538;82.548.916
2024-06-17;146,55;147,00;145,00;146,15;389.612;56.916.150
2024-06-14;145,65;146,65;145,00;146,45;294.865;43.101.050
2024-06-13;146,40;146,45;144,00;145,30;162.209;23.536.107
2024-06-12;144,85;146,70;144,50;146,50;187.365;27.388.405
2024-06-11;144,20;144,90;142,85;144,50;257.604;37.144.356
2024-06-10;144,15;145,55;143,65;144,15;136.368;19.691.180
2024-06-07;143,00;145,10;142,75;145,05;152.085;22.003.269
2024-06-06;144,30;145,10;141,55;142,95;250.350;35.778.137
2024-06-05;144,50;144,50;143,00;144,00;191.788;27.588.964
2024-06-04;144,70;145,90;143,75;143,90;255.640;36.932.707
2024-06-03;144,80;145,60;143,50;144,60;240.891;34.798.892
2024-05-31;143,05;144,70;142,40;144,35;660.756;95.344.267
2024-05-30;144,85;145,00;143,05;143,05;209.711;30.100.805
2024-05-29;144,00;144,20;142,80;143,60;262.464;37.689.122
2024-05-28;145,90;146,15;143,90;143,90;288.190;41.632.084
2024-05-27;146,05;146,15;145,30;145,90;116.581;16.997.988
2024-05-24;145,75;147,10;145,45;146,20;177.304;25.950.531
2024-05-23;147,35;147,60;145,35;146,30;204.541;29.930.110
2024-05-22;146,10;147,05;145,95;147,00;222.114;32.594.294
2024-05-21;145,45;146,25;145,20;146,25;237.863;34.727.235
2024-05-20;144,75;145,55;144,45;145,35;135.979;19.731.903
2024-05-17;143,60;144,95;143,25;144,70;274.392;39.645.270
2024-05-16;144,40;144,65;143,80;144,00;284.588;41.001.836
2024-05-15;145,30;145,30;142,80;144,40;260.396;37.530.848
2024-05-14;147,10;147,30;144,80;145,05;282.886;41.141.204
2024-05-13;147,45;147,80;146,40;147,00;191.801;28.196.550
2024-05-10;146,10;147,25;145,65;147,25;334.589;49.121.476
2024-05-09;144,35;146,40;144,35;145,75;238.516;34.684.495
2024-05-08;144,55;145,55;144,30;144,35;288.853;41.790.109
2024-05-07;143,90;144,55;142,90;144,10;237.578;34.175.145
2024-05-06;142,85;144,35;142,80;143,95;187.491;26.978.587
2024-05-03;142,25;143,50;142,05;143,15;259.773;37.107.855
2024-05-02;140,55;142,65;140,50;142,15;385.879;54.810.715
2024-04-30;139,85;140,95;139,55;140,55;285.342;40.080.261
2024-04-29;140,60;141,25;139,45;139,45;249.168;34.847.657
2024-04-26;138,90;140,75;138,80;140,50;215.266;30.159.706
2024-04-25;139,70;139,85;138,25;139,05;288.800;40.147.422
2024-04-24;137,60;139,75;137,45;138,60;290.544;40.294.313
2024-04-23;137,00;138,80;136,80;137,60;288.391;39.729.521
2024-04-22;136,50;137,45;136,40;136,40;230.757;31.524.329
2024-04-19;135,60;137,10;135,10;135,80;276.848;37.636.879
2024-04-18;134,50;135,95;134,35;135,60;323.586;43.823.555
2024-04-17;133,80;136,60;133,55;133,95;268.590;36.082.293
2024-04-16;135,00;135,20;132,80;133,85;504.524;67.686.805
2024-04-15;131,30;132,70;130,80;132,40;323.146;42.703.622
2024-04-12;131,20;132,20;130,65;131,15;261.606;34.345.205
2024-04-11;129,35;131,25;129,35;130,80;292.930;38.262.646
2024-04-10;129,25;130,40;128,90;129,45;191.374;24.803.758
2024-04-09;129,30;129,60;128,55;129,20;168.673;21.784.651
2024-04-08;129,95;130,25;129,10;129,65;217.079;28.128.339
2024-04-05;130,25;131,05;130,00;130,35;169.609;22.130.154
2024-04-04;129,75;131,10;129,45;130,90;165.599;21.610.071
2024-04-03;132,20;132,35;129,65;129,85;308.810;40.254.675
2024-04-02;134,65;135,30;132,40;132,40;273.972;36.454.494
2024-03-28;135,85;136,00;134,75;134,95;224.839;30.356.151
2024-03-27;134,75;136,55;134,75;135,65;243.705;33.080.673
2024-03-26;133,05;134,65;132,85;134,25;242.646;32.531.603
2024-03-25;132,85;134,05;132,75;133,20;166.728;22.220.391
2024-03-22;132,90;134,05;132,85;133,00;234.936;31.304.559
2024-03-21;133,00;133,25;131,70;132,75;194.137;25.739.990
2024-03-20;133,60;133,60;132,20;133,10;211.457;28.109.248
2024-03-19;133,30;133,65;132,15;133,50;245.525;32.738.970
2024-03-18;134,00;134,75;133,30;133,50;191.276;25.564.945
2024-03-15;135,35;135,35;133,25;134,05;508.397;68.300.748
2024-03-14;136,80;137,00;134,20;135,20;280.529;37.927.958
2024-03-13;135,80;136,95;135,55;136,65;226.552;30.934.861
2024-03-12;136,20;136,35;134,40;135,75;134.841;18.279.865
2024-03-11;135,00;136,30;134,95;135,90;205.760;27.935.158
2024-03-08;133,40;135,05;133,00;135,05;295.813;39.837.397
2024-03-07;131,70;133,00;130,45;132,90;179.299;23.703.058
2024-03-06;131,60;132,40;130,20;131,85;337.461;44.449.635
2024-03-05;132,45;133,35;131,20;131,65;230.158;30.370.191
2024-03-04;132,40;133,10;131,70;133,05;201.286;26.725.697
2024-03-01;132,45;133,65;131,85;132,70;392.914;52.122.137
2024-02-29;130,70;134,45;129,30;132,55;964.393;127.922.159
2024-02-28;139,10;139,40;136,85;137,70;265.884;36.623.926
2024-02-27;141,35;141,45;138,60;139,10;227.081;31.628.922
2024-02-26;140,55;141,65;140,20;140,95;198.445;27.996.247
2024-02-23;141,00;141,25;139,85;140,75;194.526;27.366.067
2024-02-22;140,15;141,10;139,50;140,60;201.525;28.313.347
2024-02-21;138,80;140,15;138,15;139,55;173.888;24.238.979
2024-02-20;136,45;139,55;136,25;139,05;283.030;39.087.238
2024-02-19;136,85;137,15;135,80;136,45;204.409;27.882.683
2024-02-16;137,45;138,00;137,05;137,25;335.409;46.077.770
2024-02-15;136,95;138,00;136,55;137,15;219.393;30.098.899
2024-02-14;137,75;138,30;137,00;137,25;232.117;31.942.758
2024-02-13;138,60;138,75;137,20;138,00;156.355;21.574.369
2024-02-12;138,15;138,80;137,10;138,55;157.286;21.740.057
2024-02-09;137,90;139,10;136,80;138,10;389.870;53.806.132
2024-02-08;141,35;142,05;139,60;140,10;194.743;27.316.664
2024-02-07;141,50;143,15;140,65;140,95;181.246;25.606.497
2024-02-06;140,85;143,90;140,30;141,70;301.468;42.737.025
2024-02-05;135,10;141,00;134,65;140,45;391.015;54.259.719
2024-02-02;136,75;136,95;134,85;135,10;117.216;15.885.149
2024-02-01;136,20;136,40;135,15;136,25;135.403;18.419.500
2024-01-31;136,20;136,85;135,80;135,85;147.358;20.040.749
2024-01-30;135,70;136,85;134,60;136,00;188.970;25.722.985
2024-01-29;133,70;135,75;133,50;135,60;188.616;25.541.791
2024-01-26;133,40;134,60;133,15;134,15;146.048;19.577.246
2024-01-25;132,25;133,25;131,90;133,15;141.303;18.766.788
2024-01-24;134,65;134,80;132,25;132,40;169.031;22.418.234
2024-01-23;135,50;135,50;133,00;134,60;166.346;22.347.880
2024-01-22;135,75;135,80;134,75;135,20;78.096;10.561.186
2024-01-19;134,90;135,50;134,45;135,00;152.452;20.579.730
2024-01-18;134,30;134,80;133,05;134,80;201.201;27.037.860
2024-01-17;133,35;134,25;132,45;134,25;227.674;30.490.326
2024-01-16;133,50;135,30;132,95;134,40;151.111;20.325.174
2024-01-15;138,25;138,35;134,25;134,25;233.308;31.475.734
2024-01-12;138,60;139,55;138,10;138,15;202.663;28.042.992
2024-01-11;138,25;139,05;137,70;138,10;164.357;22.706.133
2024-01-10;137,35;138,05;136,15;138,05;160.505;22.120.767
2024-01-09;135,90;137,10;135,60;136,95;122.442;16.733.780
2024-01-08;134,10;135,65;134,05;135,65;94.354;12.771.773
2024-01-05;134,35;134,65;133,45;134,00;165.493;22.183.128
2024-01-04;134,80;135,05;134,00;135,05;120.273;16.220.498
2024-01-03;134,85;136,10;134,70;135,30;191.170;25.865.500
2024-01-02;136,00;136,15;134,55;135,00;127.940;17.297.062
2023-12-29;135,30;135,70;135,00;135,70;84.270;11.419.844
2023-12-28;134,90;135,25;134,45;135,00;89.186;12.032.274
2023-12-27;135,00;135,10;133,75;134,60;74.588;10.035.310
2023-12-22;134,10;134,95;133,80;134,90;124.322;16.747.548
2023-12-21;134,65;135,60;134,00;134,35;146.482;19.690.757
2023-12-20;134,25;135,05;133,90;134,75;184.465;24.849.778
2023-12-19;134,00;135,15;133,45;134,25;251.270;33.746.188
2023-12-18;133,20;134,20;132,90;134,20;162.066;21.707.716
2023-12-15;133,00;133,30;131,50;133,05;513.375;68.220.655
2023-12-14;136,95;137,10;132,25;132,95;485.374;64.826.259
2023-12-13;135,10;136,85;134,95;135,85;347.612;47.229.852
2023-12-12;133,70;135,25;133,70;135,05;268.833;36.247.055
2023-12-11;131,85;133,50;131,65;133,20;213.212;28.326.242
2023-12-08;132,05;132,70;131,00;132,50;169.950;22.484.902
2023-12-07;132,00;132,40;131,40;131,85;201.937;26.632.884
2023-12-06;130,95;132,20;130,35;131,75;203.540;26.802.094
2023-12-05;130,50;131,35;130,25;131,10;220.024;28.812.315
2023-12-04;129,50;130,80;129,05;130,30;110.765;14.418.012
2023-12-01;129,10;129,75;128,65;129,75;162.237;21.011.894
2023-11-30;129,05;129,20;128,20;128,70;630.275;81.121.075
2023-11-29;129,65;130,00;128,55;129,15;145.459;18.794.644
2023-11-28;128,70;129,45;128,15;129,45;158.254;20.441.192
2023-11-27;128,60;130,10;128,60;128,95;155.877;20.144.909
2023-11-24;128,05;128,55;127,30;128,40;101.873;13.047.023
2023-11-23;127,95;128,55;127,40;127,90;100.541;12.864.998
2023-11-22;125,90;128,10;125,85;127,65;234.691;29.925.716
2023-11-21;123,35;125,50;123,35;125,40;158.366;19.805.562
2023-11-20;124,60;124,90;123,35;123,45;210.467;26.079.205
2023-11-17;124,95;125,70;124,25;124,65;204.347;25.507.177
2023-11-16;124,75;125,40;124,10;124,85;208.601;26.037.533
2023-11-15;125,40;125,80;124,15;124,70;171.124;21.332.135
2023-11-14;123,25;125,80;123,15;125,40;251.095;31.386.734
2023-11-13;123,70;123,70;122,40;123,30;207.093;25.495.313
2023-11-10;123,20;124,10;122,95;123,70;193.569;23.933.305
2023-11-09;123,05;124,10;122,95;123,45;222.958;27.522.697
2023-11-08;122,65;123,85;122,00;123,40;186.838;23.006.823
2023-11-07;122,60;123,45;122,35;122,65;166.319;20.413.786
2023-11-06;123,00;123,50;121,50;122,40;225.816;27.623.086
2023-11-03;125,00;125,20;123,20;123,30;190.787;23.604.841
2023-11-02;125,00;125,30;124,25;124,90;242.945;30.318.911
2023-11-01;124,65;125,05;121,55;124,65;313.985;38.932.221
2023-10-31;122,85;124,70;122,60;124,05;272.551;33.821.988
2023-10-30;121,40;122,90;121,15;122,80;192.640;23.610.837
2023-10-27;121,15;122,40;120,60;121,45;297.844;36.154.677
2023-10-26;122,75;123,05;120,55;121,45;358.629;43.644.262
2023-10-25;118,00;124,55;118,00;124,35;478.197;58.968.272
2023-10-24;121,95;122,25;120,70;122,10;263.674;32.114.479
2023-10-23;121,65;122,15;121,20;121,90;210.303;25.617.359
2023-10-20;120,05;122,80;119,80;121,65;422.166;51.377.646
2023-10-19;120,90;121,90;120,35;121,05;238.940;28.936.404
2023-10-18;121,75;122,35;121,10;121,55;163.334;19.865.119
2023-10-17;121,00;122,10;121,00;121,70;111.493;13.558.690
2023-10-16;122,55;122,55;120,95;121,25;201.830;24.480.760
2023-10-13;121,75;123,25;121,75;122,05;254.519;31.149.538
2023-10-12;123,45;123,45;121,65;122,15;214.755;26.268.655
2023-10-11;121,85;123,75;121,40;123,15;259.526;31.950.653
2023-10-10;122,20;122,60;121,55;121,95;215.119;26.252.110
2023-10-09;122,30;122,35;121,10;121,25;147.228;17.881.894
2023-10-06;121,15;122,90;118,65;122,55;391.505;47.692.014
2023-10-05;120,35;122,25;119,90;121,15;202.163;24.525.344
2023-10-04;120,45;121,30;120,15;120,15;400.668;48.218.919
2023-10-03;121,75;122,65;120,85;121,00;320.382;38.857.764
2023-10-02;122,85;122,85;121,10;121,95;202.802;24.734.897
2023-09-29;122,45;123,25;122,10;122,15;279.410;34.174.020
2023-09-28;121,85;122,15;120,65;121,25;162.153;19.663.989
2023-09-27;124,05;124,05;121,35;121,70;227.386;27.767.472
2023-09-26;123,50;124,70;123,25;124,20;385.985;47.897.760
2023-09-25;126,05;126,25;123,80;124,05;224.825;27.956.214
2023-09-22;125,45;126,20;125,10;125,95;286.234;36.020.463
2023-09-21;126,25;127,70;125,65;126,20;408.121;51.626.167
2023-09-20;124,05;127,00;123,80;126,75;466.969;58.827.243
2023-09-19;122,00;123,75;121,60;123,45;373.889;46.038.945
2023-09-18;122,05;122,45;120,75;122,10;257.716;31.413.793
2023-09-15;121,95;122,90;121,85;122,30;421.477;51.548.788
2023-09-14;121,95;121,95;120,10;121,30;237.781;28.826.169
2023-09-13;121,90;122,05;120,50;121,85;146.634;17.833.568
2023-09-12;124,75;124,95;122,35;122,45;253.628;31.257.386
2023-09-11;122,20;122,50;121,50;122,25;144.972;17.708.926
2023-09-08;121,85;122,00;120,55;121,80;146.920;17.881.360
2023-09-07;120,75;121,55;119,85;121,45;139.988;16.975.781
2023-09-06;121,30;121,30;119,85;120,65;159.926;19.276.988
2023-09-05;120,55;121,90;120,35;121,40;136.893;16.615.868
2023-09-04;122,10;122,15;121,10;121,15;115.815;14.072.896
2023-09-01;121,70;122,50;121,20;122,15;177.069;21.609.032
2023-08-31;121,10;121,60;120,60;120,80;330.967;39.993.753
2023-08-30;120,90;121,65;120,75;121,05;136.672;16.550.099
2023-08-29;121,20;121,65;120,55;120,75;129.817;15.687.930
2023-08-28;121,55;121,60;120,80;120,95;69.379;8.397.383
2023-08-25;119,40;121,55;119,35;120,95;149.646;18.091.056
2023-08-24;120,85;121,35;119,75;119,90;113.659;13.645.084
2023-08-23;119,30;120,75;119,30;120,20;109.439;13.149.486
2023-08-22;119,35;119,75;118,65;119,15;127.366;15.176.093
2023-08-21;119,55;120,95;119,00;119,20;105.578;12.613.752
2023-08-18;119,75;119,80;118,70;119,50;217.509;25.967.666
2023-08-17;119,80;120,70;119,40;120,00;156.315;18.765.168
2023-08-16;121,20;121,85;119,95;120,15;154.143;18.576.123
2023-08-15;121,60;122,10;119,75;120,90;127.876;15.459.880
2023-08-14;121,10;121,55;120,50;121,30;89.147;10.802.393
2023-08-11;120,90;121,65;120,80;121,10;155.788;18.873.966
2023-08-10;119,70;121,40;119,55;121,15;186.369;22.529.114
2023-08-09;120,05;120,55;118,70;119,10;162.922;19.431.255
2023-08-08;118,85;120,45;118,85;119,65;203.069;24.311.087
2023-08-07;119,25;119,90;118,05;118,50;169.992;20.155.552
2023-08-04;120,40;120,40;118,55;119,50;267.673;31.960.498
2023-08-03;119,30;121,25;119,05;120,40;339.916;40.821.418
2023-08-02;116,20;116,70;115,65;115,95;186.420;21.631.593
2023-08-01;118,10;118,30;116,75;116,75;157.076;18.383.657
2023-07-31;119,15;119,55;117,80;117,80;175.179;20.690.951
2023-07-28;117,65;119,65;117,65;119,15;245.192;29.175.198
2023-07-27;117,80;118,70;117,15;117,65;171.455;20.195.466
2023-07-26;116,65;117,50;115,95;117,15;234.382;27.429.152
2023-07-25;115,65;117,75;115,65;117,55;322.838;37.851.067
2023-07-24;115,25;116,00;114,45;114,90;189.966;21.846.543
2023-07-21;114,60;115,70;114,30;115,70;247.821;28.499.230
2023-07-20;114,35;114,65;113,40;114,30;224.004;25.582.335
2023-07-19;115,55;115,75;114,75;114,75;195.903;22.522.891
2023-07-18;116,10;116,10;115,30;115,45;92.801;10.721.051
2023-07-17;116,85;117,05;115,70;116,20;128.238;14.917.698
2023-07-14;116,35;117,40;116,25;117,00;122.370;14.320.415
2023-07-13;116,20;117,35;116,00;116,40;158.648;18.491.484
2023-07-12;116,00;116,30;115,45;116,05;150.429;17.449.483
2023-07-11;116,55;116,85;115,75;115,75;164.990;19.144.075
2023-07-10;116,30;116,95;116,05;116,60;123.136;14.351.990
2023-07-07;117,90;118,10;116,35;116,50;150.367;17.584.398
2023-07-06;120,05;120,15;118,20;118,25;194.730;23.100.755
2023-07-05;120,00;120,90;119,90;120,40;116.617;14.045.491
2023-07-04;121,05;121,25;120,30;120,30;80.811;9.743.947
2023-07-03;121,40;121,40;120,50;120,55;188.998;22.812.021
2023-06-30;119,85;121,65;119,60;121,25;364.127;44.130.361
2023-06-29;119,85;120,30;119,35;120,05;145.272;17.425.593
2023-06-28;119,55;119,95;119,05;119,95;165.399;19.806.578
2023-06-27;120,00;120,10;118,85;119,15;220.922;26.330.302
2023-06-26;120,85;121,05;119,70;119,70;217.731;26.101.626
2023-06-23;120,50;121,10;120,00;120,60;238.369;28.739.420
2023-06-22;121,00;121,05;119,55;120,40;181.527;21.850.417
2023-06-21;121,55;121,95;121,10;121,55;178.586;21.709.900
2023-06-20;120,75;122,25;120,25;121,80;177.749;21.624.021
2023-06-19;122,95;123,20;120,70;121,15;381.190;46.365.688
2023-06-16;119,65;120,80;119,60;120,55;694.732;83.725.355
2023-06-15;119,30;120,05;119,00;119,80;202.340;24.223.310
2023-06-14;119,65;119,65;118,80;119,45;212.091;25.319.614
2023-06-13;119,00;119,95;117,45;119,60;368.222;43.906.690
2023-06-12;117,80;119,05;117,75;118,60;209.932;24.895.389
2023-06-09;117,90;118,00;116,50;117,20;164.824;19.317.574
2023-06-08;118,00;118,05;116,95;117,75;208.269;24.499.165
2023-06-07;119,15;119,85;118,05;118,10;238.670;28.270.958
2023-06-06;119,00;119,80;118,85;119,25;211.642;25.235.555
2023-06-05;120,75;120,90;119,10;119,35;201.315;24.084.056
2023-06-02;118,90;121,10;118,70;120,65;254.071;30.551.079
2023-06-01;120,25;120,40;118,60;119,30;212.295;25.320.012
2023-05-31;120,50;121,45;118,80;119,15;1.175.025;140.181.983
2023-05-30;123,85;124,30;121,10;121,15;189.613;23.080.770
2023-05-29;124,50;124,50;123,50;123,95;90.902;11.262.229
2023-05-26;122,90;124,40;122,70;124,10;223.404;27.670.430
2023-05-25;122,80;123,35;121,90;122,90;164.417;20.180.672
2023-05-24;124,65;124,65;121,40;122,65;329.138;40.344.407
2023-05-23;126,25;126,40;124,65;125,15;348.550;43.648.773
2023-05-22;127,15;127,40;125,95;126,65;227.544;28.802.267
2023-05-19;127,80;127,85;126,90;127,40;230.788;29.391.646
2023-05-18;126,45;127,75;126,40;127,45;175.899;22.400.640
2023-05-17;126,40;126,75;126,10;126,35;229.752;29.033.942
2023-05-16;126,95;126,95;125,40;126,50;168.493;21.253.396
2023-05-15;126,80;127,55;126,50;126,80;137.143;17.413.175
2023-05-12;126,20;127,30;125,80;126,45;242.788;30.702.493
2023-05-11;124,85;125,90;124,80;125,90;175.362;22.036.351
2023-05-10;125,10;125,55;123,55;124,45;234.548;29.164.496
2023-05-09;126,35;126,50;125,20;125,65;176.051;22.118.916
2023-05-08;126,05;126,60;125,55;126,45;128.818;16.266.943
2023-05-05;127,45;127,65;125,65;126,00;286.272;36.120.065
2023-05-04;124,50;126,95;123,40;126,45;290.235;36.527.346
2023-05-03;127,60;128,60;126,50;126,90;343.047;43.683.302
2023-05-02;126,40;127,10;125,90;126,95;219.392;27.797.698
2023-04-28;127,20;127,70;126,05;126,60;248.037;31.433.534
2023-04-27;125,70;127,20;125,45;126,45;275.396;34.817.471
2023-04-26;124,20;126,35;124,10;125,70;281.890;35.407.095
2023-04-25;124,90;125,70;124,40;125,30;226.823;28.407.548
2023-04-24;125,65;125,80;124,75;125,30;189.942;23.799.034
2023-04-21;123,90;126,20;123,90;125,80;285.413;35.786.438
2023-04-20;123,55;124,65;123,10;124,10;272.213;33.730.691
2023-04-19;122,45;124,05;122,45;123,30;280.607;34.632.014
2023-04-18;121,45;122,25;120,65;122,25;254.201;30.982.640
2023-04-17;120,65;122,00;120,55;121,45;252.386;30.617.390
2023-04-14;121,55;121,60;120,20;120,50;198.769;23.982.653
2023-04-13;121,30;122,70;121,30;121,85;309.206;37.684.353
2023-04-12;121,40;121,60;120,20;120,90;252.316;30.499.409
2023-04-11;121,25;121,75;120,95;121,40;257.463;31.250.683
2023-04-06;122,90;122,90;120,05;121,30;347.155;42.090.085
2023-04-05;121,40;124,10;119,50;122,80;702.000;85.941.116
2023-04-04;121,70;122,25;120,80;120,90;196.739;23.839.715
2023-04-03;120,50;121,30;119,80;121,30;306.833;37.102.288
2023-03-31;118,35;120,90;118,20;119,95;387.192;46.433.944
2023-03-30;118,80;118,80;117,40;118,05;262.123;30.936.761
2023-03-29;118,20;119,10;118,10;118,10;305.368;36.143.003
2023-03-28;118,60;119,25;117,65;118,05;173.883;20.564.327
2023-03-27;118,00;119,05;117,85;117,95;197.292;23.347.114
2023-03-24;117,35;118,45;116,95;117,35;245.796;28.901.275
2023-03-23;116,50;117,60;115,95;117,25;271.933;31.836.527
2023-03-22;115,40;117,05;115,40;116,65;289.104;33.647.561
2023-03-21;114,70;116,10;114,30;115,35;245.593;28.345.327
2023-03-20;112,95;114,60;112,75;114,20;173.251;19.757.684
2023-03-17;114,05;114,50;112,70;112,95;559.228;63.385.360
2023-03-16;112,45;114,40;112,05;114,00;335.891;38.202.447
2023-03-15;112,50;112,75;110,85;111,75;285.940;31.996.284
2023-03-14;111,25;112,80;110,95;112,40;204.578;22.927.159
2023-03-13;111,80;112,30;110,45;111,00;301.839;33.593.189
2023-03-10;110,75;112,80;110,75;111,70;189.111;21.132.798
2023-03-09;111,55;111,95;110,85;111,70;228.059;25.439.191
2023-03-08;111,40;111,70;110,85;111,60;205.132;22.864.852
2023-03-07;111,10;111,75;110,40;111,40;175.848;19.586.439
2023-03-06;112,00;112,60;111,00;111,10;229.159;25.612.847
2023-03-03;113,65;113,75;111,40;111,65;297.227;33.271.407
2023-03-02;112,00;113,95;110,55;113,60;285.892;32.363.098
2023-03-01;110,35;114,30;109,05;112,45;606.790;67.935.780
2023-02-28;114,25;114,25;112,15;113,00;386.060;43.622.730
2023-02-27;113,05;114,70;113,05;114,00;227.494;25.946.444
2023-02-24;114,20;114,65;113,05;113,05;467.880;52.976.266
2023-02-23;115,25;115,45;113,95;114,00;159.144;18.187.980
2023-02-22;113,95;115,30;113,20;115,05;230.138;26.405.700
2023-02-21;112,65;113,75;112,55;113,75;166.255;18.851.595
2023-02-20;113,50;113,60;112,35;113,00;120.141;13.571.789
2023-02-17;113,05;113,95;112,45;113,20;248.561;28.174.701
2023-02-16;113,30;113,60;112,65;113,55;196.200;22.243.594
2023-02-15;112,80;113,35;112,10;112,95;178.531;20.145.724
2023-02-14;112,35;113,70;112,15;112,95;176.938;19.990.647
2023-02-13;110,30;112,30;110,30;112,20;233.503;26.067.283
2023-02-10;110,20;110,95;109,35;110,10;167.400;18.425.531
2023-02-09;110,20;110,70;110,10;110,30;298.178;32.911.053
2023-02-08;110,45;111,05;109,75;109,80;248.654;27.367.963
2023-02-07;111,65;112,05;109,60;110,30;230.376;25.436.119
2023-02-06;112,00;112,30;111,60;112,05;164.891;18.467.412
2023-02-03;111,40;113,05;110,60;112,45;186.456;20.912.501
2023-02-02;111,90;113,15;110,50;111,75;364.239;40.772.213
2023-02-01;111,70;112,00;111,05;111,90;178.140;19.902.015
2023-01-31;111,90;112,05;110,75;111,60;193.071;21.534.986
2023-01-30;109,05;112,10;109,05;112,00;223.616;24.933.497
2023-01-27;110,50;110,55;109,25;109,55;173.871;19.077.010
2023-01-26;111,60;111,60;109,45;109,95;233.277;25.685.578
2023-01-25;111,30;111,40;109,95;110,70;144.817;16.015.946
2023-01-24;111,80;111,80;110,50;111,20;183.301;20.363.475
2023-01-23;111,50;112,05;111,25;111,70;163.400;18.251.961
2023-01-20;110,85;111,30;110,40;111,25;162.315;18.007.146
2023-01-19;111,00;111,85;110,50;111,15;290.302;32.268.076
2023-01-18;110,95;111,90;110,30;110,50;216.279;23.949.561
2023-01-17;110,45;111,60;109,85;110,90;188.936;20.960.413
2023-01-16;109,65;111,00;109,50;110,60;152.187;16.810.937
2023-01-13;108,25;109,70;108,25;109,35;214.040;23.361.881
2023-01-12;108,85;109,55;107,70;108,15;176.872;19.185.359
2023-01-11;108,90;110,00;107,60;108,70;405.797;44.258.646
2023-01-10;109,30;109,90;108,55;109,45;157.288;17.217.084
2023-01-09;108,25;109,25;107,90;109,20;158.875;17.293.435
2023-01-06;108,00;109,05;107,50;108,30;163.458;17.695.211
2023-01-05;107,85;108,85;106,75;107,80;213.097;23.006.230
2023-01-04;108,15;109,25;108,00;108,80;208.241;22.625.867
2023-01-03;106,90;107,55;106,00;107,50;197.109;21.120.220
2023-01-02;107,50;107,50;106,40;107,15;92.823;9.936.011
2022-12-30;107,25;107,90;107,00;107,20;77.993;8.369.333
2022-12-29;106,35;107,85;105,85;107,45;141.456;15.173.765
2022-12-28;107,45;107,90;106,40;106,55;102.518;10.946.169
2022-12-27;107,00;107,50;106,90;107,30;79.492;8.527.488
2022-12-23;106,45;106,80;105,95;106,40;117.754;12.531.221
2022-12-22;107,60;108,40;106,10;106,45;160.516;17.127.406
2022-12-21;105,95;107,65;105,90;107,65;210.348;22.549.826
2022-12-20;105,90;107,20;105,65;105,65;237.844;25.174.299
2022-12-19;106,80;106,90;106,15;106,45;170.112;18.112.477
2022-12-16;105,35;106,95;105,30;106,65;659.189;70.194.443
2022-12-15;108,05;108,25;106,10;106,15;295.389;31.515.187
2022-12-14;106,20;108,85;105,90;108,50;250.961;27.125.292
2022-12-13;107,50;108,25;106,60;106,60;257.353;27.538.133
2022-12-12;106,75;107,95;106,45;107,45;230.936;24.789.443
2022-12-09;107,25;107,30;105,55;105,95;150.060;15.926.550
2022-12-08;105,70;107,10;105,50;106,80;251.248;26.763.940
2022-12-07;105,15;106,15;104,70;105,40;221.723;23.377.132
2022-12-06;104,50;105,65;104,50;105,45;219.793;23.153.726
2022-12-05;105,65;105,90;103,80;104,85;191.903;20.100.577
2022-12-02;105,65;106,00;104,80;105,75;207.258;21.895.290
2022-12-01;104,35;105,65;104,20;105,65;268.408;28.304.493
2022-11-30;103,10;104,60;102,70;103,95;763.133;79.300.595
2022-11-29;104,60;104,75;102,70;102,95;216.469;22.340.259
2022-11-28;104,55;104,80;103,40;104,60;203.309;21.216.349
2022-11-25;105,55;105,55;104,05;104,80;167.913;17.588.658
2022-11-24;103,65;105,65;103,65;105,30;224.739;23.607.924
2022-11-23;103,65;104,25;102,30;103,90;263.125;27.211.124
2022-11-22;103,40;104,20;102,25;103,35;217.368;22.439.207
2022-11-21;102,05;103,70;102,05;103,45;281.357;29.057.553
2022-11-18;102,45;103,10;101,85;102,35;321.567;32.971.794
2022-11-17;101,55;102,15;100,50;102,10;255.793;26.022.017
2022-11-16;98,74;101,50;98,74;101,15;342.073;34.451.336
2022-11-15;98,22;100,35;97,96;98,68;270.492;26.825.855
2022-11-14;98,14;99,76;97,90;98,60;285.254;28.175.924
2022-11-11;101,50;101,55;97,14;97,76;546.046;53.604.613
2022-11-10;97,78;101,25;97,72;100,55;453.108;45.355.636
2022-11-09;96,80;98,52;96,58;98,24;226.907;22.213.356
2022-11-08;95,86;97,70;95,54;97,26;198.733;19.283.997
2022-11-07;96,38;97,24;96,06;96,08;259.615;25.024.197
2022-11-04;94,24;97,44;94,00;96,48;397.263;38.135.782
2022-11-03;93,98;95,42;93,84;94,10;232.829;21.979.895
2022-11-02;95,50;96,90;93,38;94,00;339.957;32.109.373
2022-11-01;97,62;97,68;94,72;95,40;229.533;22.017.668
2022-10-31;97,04;98,08;96,62;97,18;322.576;31.377.662
2022-10-28;97,12;97,34;94,04;96,50;494.399;47.416.645
2022-10-27;100,35;100,55;96,22;96,84;420.220;41.010.087
2022-10-26;101,85;101,85;97,98;100,35;464.419;46.341.314
2022-10-25;100,55;101,85;99,92;101,85;214.223;21.689.137
2022-10-24;100,00;100,95;99,72;100,45;215.752;21.666.677
2022-10-21;99,40;100,15;98,52;99,68;295.010;29.289.468
2022-10-20;99,48;100,50;99,04;100,10;190.272;19.002.212
2022-10-19;100,50;101,25;99,60;99,70;199.229;19.958.308
2022-10-18;100,65;101,20;99,52;100,45;200.562;20.157.184
2022-10-17;100,75;100,75;99,40;100,10;171.442;17.158.963
2022-10-14;100,30;101,60;99,80;100,25;209.326;21.024.872
2022-10-13;100,30;100,30;97,68;99,42;206.472;20.457.833
2022-10-12;100,55;101,30;99,92;100,60;242.622;24.413.801
2022-10-11;99,92;101,50;99,92;100,70;221.693;22.319.470
2022-10-10;100,45;100,65;99,58;99,94;200.380;20.059.767
2022-10-07;100,90;102,20;100,80;101,05;241.440;24.472.222
2022-10-06;100,40;102,00;100,35;101,35;235.387;23.819.058
2022-10-05;100,70;102,00;100,25;101,00;206.950;20.904.513
2022-10-04;99,00;101,00;98,54;100,85;327.443;32.851.848
2022-10-03;99,96;100,10;98,08;98,42;289.576;28.572.030
2022-09-30;100,55;101,35;99,70;100,95;297.997;30.048.924
2022-09-29;101,25;101,60;99,40;100,20;274.844;27.547.555
2022-09-28;100,55;101,70;99,30;101,20;386.396;38.886.596
2022-09-27;101,65;102,60;100,65;101,45;547.361;55.651.618
2022-09-26;99,48;101,75;99,22;101,00;343.267;34.570.502
2022-09-23;100,00;102,15;99,26;99,32;418.811;41.883.642
2022-09-22;101,80;103,45;99,02;99,20;301.218;30.251.510
2022-09-21;102,35;103,55;100,75;103,15;274.241;28.182.974
2022-09-20;102,05;103,80;101,75;102,65;318.196;32.737.312
2022-09-19;102,40;102,65;101,30;101,80;147.135;14.994.453
2022-09-16;103,45;103,60;102,40;102,40;584.728;60.008.124
2022-09-15;104,05;104,50;103,25;103,80;217.512;22.577.275
2022-09-14;103,95;104,30;102,85;103,80;206.965;21.473.915
2022-09-13;105,15;106,05;104,10;104,20;263.884;27.610.743
2022-09-12;102,65;105,15;102,35;104,95;282.284;29.479.325
2022-09-09;100,20;102,50;100,20;102,30;176.480;18.019.615
2022-09-08;101,85;102,10;98,18;100,50;269.824;27.056.963
2022-09-07;100,90;102,10;100,55;101,75;172.249;17.474.214
2022-09-06;100,35;101,85;100,35;101,35;195.524;19.795.520
2022-09-05;100,10;100,55;98,94;100,35;200.425;20.007.082
2022-09-02;100,00;101,20;99,64;101,20;175.713;17.701.430
2022-09-01;100,40;100,60;99,12;99,60;245.839;24.523.409
2022-08-31;101,55;101,90;99,46;100,60;374.688;37.682.172
2022-08-30;103,45;103,85;100,90;101,25;160.278;16.322.860
2022-08-29;102,60;103,95;102,25;103,40;345.085;35.640.682
2022-08-26;104,95;105,15;103,00;103,55;359.356;37.254.668
2022-08-25;104,45;105,05;103,75;104,30;395.863;41.353.709
2022-08-24;101,40;104,45;101,00;104,20;385.962;39.986.218
2022-08-23;103,15;103,15;101,05;101,65;220.056;22.385.559
2022-08-22;103,05;103,75;102,30;103,15;245.033;25.248.971
2022-08-19;102,40;103,95;102,35;103,35;243.244;25.125.000
2022-08-18;102,55;103,10;102,30;102,75;194.831;20.025.661
2022-08-17;103,10;103,40;102,05;102,55;179.528;18.433.121
2022-08-16;102,55;103,50;102,25;102,95;192.979;19.839.930
2022-08-15;102,10;102,85;101,70;102,25;179.545;18.368.213
2022-08-12;101,55;101,95;101,15;101,75;197.169;20.041.086
2022-08-11;102,60;102,75;101,20;101,80;195.899;19.950.628
2022-08-10;101,20;102,75;100,40;102,40;205.896;20.987.549
2022-08-09;103,05;103,10;101,40;101,95;214.784;21.887.899
2022-08-08;102,35;103,65;99,62;102,75;290.760;29.787.301
2022-08-05;104,10;105,75;101,75;101,85;371.021;38.314.825
2022-08-04;103,70;105,90;103,00;104,50;428.495;44.775.871
2022-08-03;101,90;102,25;100,70;102,25;281.120;28.650.698
2022-08-02;102,00;102,40;101,45;102,00;195.571;19.940.535
2022-08-01;100,20;102,40;100,20;102,15;245.221;24.997.533
2022-07-29;100,85;102,15;100,40;100,65;370.425;37.403.128
2022-07-28;100,85;101,45;99,58;100,45;247.055;24.794.378
2022-07-27;101,00;102,55;100,40;100,45;290.902;29.497.700
2022-07-26;99,76;100,90;99,74;100,80;211.308;21.263.899
2022-07-25;99,40;100,60;98,96;99,74;198.274;19.777.521
2022-07-22;99,70;100,95;99,30;99,92;318.073;31.859.487
2022-07-21;98,64;99,58;97,94;99,38;189.294;18.768.278
2022-07-20;100,70;100,90;98,60;98,84;217.390;21.546.923
2022-07-19;98,26;100,90;97,66;100,45;295.685;29.593.073
2022-07-18;97,84;99,16;97,52;98,80;218.613;21.573.894
2022-07-15;98,12;98,72;97,50;97,98;271.263;26.591.156
2022-07-14;98,58;98,96;97,18;97,84;248.121;24.293.554
2022-07-13;97,82;99,12;96,90;98,76;224.137;22.082.637
2022-07-12;98,28;98,52;97,04;98,08;190.129;18.617.572
2022-07-11;98,48;99,28;97,76;98,12;233.351;22.914.010
2022-07-08;99,50;99,66;97,40;98,94;256.274;25.339.134
2022-07-07;101,55;101,75;98,30;99,30;523.521;52.051.794
2022-07-06;99,52;101,30;98,96;100,70;348.413;35.025.259
2022-07-05;99,48;100,05;98,24;98,76;342.550;33.889.136
2022-07-04;98,58;99,50;98,56;99,20;205.863;20.408.685
2022-07-01;96,92;99,04;95,94;98,30;374.628;36.649.186
2022-06-30;97,72;97,88;96,84;97,48;431.666;42.057.312
2022-06-29;97,28;98,78;96,14;98,56;280.027;27.451.636
2022-06-28;98,46;99,00;97,42;97,86;334.672;32.797.081
2022-06-27;98,74;99,26;98,16;98,62;246.097;24.275.002
2022-06-24;97,48;98,72;96,76;97,98;326.421;31.955.033
2022-06-23;95,30;97,06;95,00;96,68;502.331;48.438.241
2022-06-22;93,76;95,66;93,06;95,26;419.458;39.928.830
2022-06-21;94,00;94,98;93,66;94,08;339.216;31.994.920
2022-06-20;90,74;94,00;88,94;93,56;503.300;46.313.175
2022-06-17;91,40;92,60;89,72;89,72;3.072.806;276.368.562
2022-06-16;93,32;93,32;90,56;91,02;273.901;24.991.721
2022-06-15;94,00;94,86;93,48;93,50;257.774;24.185.406
2022-06-14;97,58;97,58;93,04;93,04;386.702;36.381.229
2022-06-13;97,02;98,80;96,82;97,40;296.572;28.968.586
2022-06-10;98,22;98,22;95,80;97,48;322.355;31.301.052
2022-06-09;94,64;102,15;94,22;98,72;649.789;64.198.295
2022-06-08;96,00;96,00;94,40;94,78;206.150;19.553.294
2022-06-07;96,30;96,42;94,74;95,82;303.765;29.094.491
2022-06-06;96,68;97,34;96,00;96,84;185.941;17.998.600
2022-06-03;96,58;97,12;95,86;95,92;178.281;17.171.078
2022-06-02;95,58;96,26;94,92;96,00;188.342;18.072.054
2022-06-01;97,00;97,68;95,24;95,30;304.330;29.138.212
2022-05-31;96,36;96,56;95,22;96,52;771.644;74.365.438
2022-05-30;95,96;97,06;95,90;96,16;188.982;18.198.225
2022-05-27;95,26;95,86;94,34;95,32;285.184;27.140.984
2022-05-26;95,08;95,40;94,60;94,80;137.039;13.000.065
2022-05-25;95,62;96,28;94,96;95,10;231.003;22.027.061
2022-05-24;94,68;96,78;94,68;95,38;245.764;23.522.220
2022-05-23;94,68;96,24;94,20;95,52;175.359;16.712.011
2022-05-20;93,60;94,36;93,08;93,92;161.579;15.169.099
2022-05-19;94,48;94,48;91,38;93,16;311.492;28.929.801
2022-05-18;95,76;96,38;94,92;95,16;254.618;24.337.937
2022-05-17;96,38;96,72;95,68;95,90;282.620;27.172.901
2022-05-16;95,20;95,86;94,34;95,82;172.763;16.478.495
2022-05-13;94,24;95,84;93,40;95,28;216.678;20.625.749
2022-05-12;92,14;94,44;91,30;93,40;318.043;29.600.624
2022-05-11;91,12;94,02;90,58;93,50;375.449;34.898.229
2022-05-10;89,98;91,94;89,40;90,64;281.125;25.503.566
2022-05-09;90,94;91,40;88,82;89,04;279.572;25.010.038
2022-05-06;93,30;94,10;90,56;91,28;334.200;30.607.670
2022-05-05;94,78;95,46;93,32;93,32;273.568;25.708.564
2022-05-04;93,58;93,66;92,38;93,56;192.951;18.003.714
2022-05-03;94,60;94,86;92,46;93,52;395.779;37.007.822
2022-05-02;95,26;95,78;86,58;94,32;471.317;44.113.896
2022-04-29;96,00;97,46;94,60;95,82;361.443;34.659.532
2022-04-28;99,00;99,50;94,38;96,22;342.262;32.966.570
2022-04-27;96,22;96,76;94,74;96,44;416.972;40.078.885
2022-04-26;97,10;98,12;96,22;96,36;367.525;35.601.949
2022-04-25;94,68;96,68;94,22;96,64;287.460;27.640.181
2022-04-22;95,02;96,38;95,02;96,02;277.377;26.601.998
2022-04-21;96,00;96,00;94,74;95,62;245.921;23.467.099
2022-04-20;93,62;95,46;93,16;95,36;298.217;28.258.387
2022-04-19;93,78;93,92;91,50;93,36;268.626;24.954.373
2022-04-14;94,26;95,48;94,08;94,44;256.438;24.280.087
2022-04-13;93,60;94,54;93,34;93,94;267.297;25.070.567
2022-04-12;93,10;94,44;92,84;94,00;275.326;25.852.094
2022-04-11;95,36;95,86;93,42;94,08;457.486;43.162.435
2022-04-08;98,40;100,20;95,94;96,92;743.758;72.710.843
2022-04-07;98,18;99,22;97,58;97,90;330.310;32.407.222
2022-04-06;99,00;99,76;97,48;98,08;351.770;34.512.330
2022-04-05;97,64;99,62;97,32;99,36;383.883;38.006.290
2022-04-04;96,80;97,68;96,42;97,50;444.650;43.213.469
2022-04-01;95,52;96,42;94,72;96,10;302.144;28.991.937
2022-03-31;96,40;97,24;94,86;95,20;511.887;48.862.091
2022-03-30;95,78;96,00;94,64;96,00;350.545;33.541.506
2022-03-29;94,74;95,90;93,86;95,40;427.873;40.703.976
2022-03-28;93,56;94,40;93,34;94,06;362.171;34.007.580
2022-03-25;92,24;93,56;91,80;93,24;357.214;33.226.168
2022-03-24;92,74;93,90;92,12;92,16;382.384;35.389.335
2022-03-23;91,74;94,50;91,74;92,46;644.595;60.107.676
2022-03-22;87,66;93,40;87,66;91,82;774.738;70.651.075
2022-03-21;90,66;90,98;88,00;88,00;526.402;46.878.524
2022-03-18;87,92;91,36;87,68;91,36;2.435.942;221.240.275
2022-03-17;88,20;88,44;87,28;88,42;444.707;39.136.906
2022-03-16;86,02;87,98;85,68;87,76;474.477;41.441.562
2022-03-15;84,94;85,66;84,62;85,12;301.842;25.709.222
2022-03-14;84,28;85,84;83,74;85,76;361.754;30.816.932
2022-03-11;83,24;84,80;82,20;83,98;525.366;44.041.137
2022-03-10;85,92;86,12;83,26;83,32;505.350;42.637.180
2022-03-09;81,54;86,02;81,46;86,02;701.625;59.328.341
2022-03-08;80,90;81,36;79,00;80,64;797.748;64.026.688
2022-03-07;83,06;83,86;81,82;81,88;769.606;63.452.907
2022-03-04;87,26;87,94;84,90;85,20;799.587;68.519.839
2022-03-03;90,92;91,38;87,94;88,58;503.146;44.946.271
2022-03-02;92,52;94,46;89,82;91,62;774.571;71.194.388
2022-03-01;94,04;95,62;93,04;93,28;933.277;87.735.002
2022-02-28;88,52;90,88;88,52;90,42;644.434;58.086.866
2022-02-25;87,06;90,18;86,48;89,66;485.249;43.262.472
2022-02-24;86,00;87,72;86,00;86,56;763.051;66.362.953
2022-02-23;86,48;89,38;86,48;88,46;362.708;32.149.941
2022-02-22;89,04;89,68;86,38;86,72;556.935;48.556.976
2022-02-21;91,78;91,90;89,66;89,74;326.958;29.581.610
2022-02-18;90,88;92,64;90,62;91,12;439.835;40.242.459
2022-02-17;88,32;90,56;88,32;90,32;351.573;31.615.771
2022-02-16;88,36;88,58;87,52;88,24;303.015;26.714.079
2022-02-15;87,60;88,46;87,08;88,34;311.693;27.425.465
2022-02-14;87,70;88,26;86,26;87,48;421.875;36.772.696
2022-02-11;86,68;88,56;86,44;88,00;359.712;31.507.847
2022-02-10;86,90;87,02;85,20;87,02;560.296;48.440.290
2022-02-09;89,02;89,66;87,40;87,40;308.933;27.230.606
2022-02-08;88,06;88,60;87,38;88,30;312.121;27.503.155
2022-02-07;87,86;88,40;87,54;87,76;299.578;26.304.129
2022-02-04;88,62;88,68;87,42;87,66;416.619;36.603.100
2022-02-03;90,68;90,94;88,38;88,52;349.203;31.192.567
2022-02-02;88,60;89,78;88,44;89,68;253.634;22.699.741
2022-02-01;88,32;89,42;88,10;88,28;287.217;25.440.235
2022-01-31;89,42;89,72;87,86;88,08;450.355;39.801.259
2022-01-28;90,02;90,28;87,76;88,78;670.348;59.592.178
2022-01-27;90,22;91,72;88,90;91,46;390.341;35.412.160
2022-01-26;92,22;93,02;90,82;90,82;364.292;33.378.261
2022-01-25;90,50;92,54;89,62;92,04;433.364;39.731.900
2022-01-24;90,04;93,26;89,64;89,80;755.588;68.597.100
2022-01-21;90,56;91,30;89,60;90,38;577.450;52.174.344
2022-01-20;89,00;90,66;89,00;90,34;297.479;26.855.893
2022-01-19;88,36;89,92;88,02;89,10;382.746;34.116.617
2022-01-18;91,22;91,38;89,02;89,10;430.607;38.514.016
2022-01-17;90,66;91,08;89,98;90,14;250.887;22.672.485
2022-01-14;89,72;90,72;89,34;90,72;291.277;26.286.169
2022-01-13;89,80;89,98;89,42;89,96;265.779;23.869.830
2022-01-12;90,00;90,34;89,36;90,20;284.337;25.575.439
2022-01-11;88,82;89,98;88,74;89,60;313.009;28.043.096
2022-01-10;89,70;89,74;88,12;88,82;305.088;27.086.208
2022-01-07;89,50;90,28;89,04;89,46;323.137;28.927.233
2022-01-06;90,28;90,56;89,48;89,68;395.728;35.533.243
2022-01-05;91,12;91,42;90,54;90,98;271.837;24.714.918
2022-01-04;93,10;93,32;90,70;91,12;276.114;25.227.903
2022-01-03;90,98;92,88;90,86;92,52;274.190;25.306.390
2021-12-30;91,24;91,24;90,38;90,38;117.904;10.672.020
2021-12-29;90,98;91,42;90,70;91,06;189.382;17.241.674
2021-12-28;90,24;90,74;90,02;90,72;118.421;10.719.985
2021-12-27;89,88;90,50;89,80;90,08;105.880;9.542.751
2021-12-23;90,54;90,72;89,56;90,02;186.692;16.805.210
2021-12-22;88,68;90,70;88,64;90,54;339.872;30.628.187
2021-12-21;89,42;89,46;88,40;88,70;320.296;28.438.811
2021-12-20;88,50;88,74;87,44;88,58;243.973;21.560.127
2021-12-17;88,64;89,76;88,42;89,70;649.957;58.095.150
2021-12-16;90,98;91,04;87,90;88,80;676.732;60.154.888
2021-12-15;91,66;91,92;90,24;90,42;478.916;43.388.939
2021-12-14;91,64;92,06;91,32;91,80;319.793;29.335.659
2021-12-13;91,96;91,96;90,88;91,64;216.190;19.786.641
2021-12-10;90,28;92,02;90,20;91,90;293.699;26.930.777
2021-12-09;90,94;91,42;90,70;90,94;248.460;22.620.116
2021-12-08;90,72;91,58;90,28;90,40;329.511;29.888.917
2021-12-07;90,00;90,72;89,78;90,56;329.519;29.781.269
2021-12-06;88,42;89,86;88,20;89,78;348.142;31.118.656
2021-12-03;88,70;88,92;87,60;87,90;331.962;29.218.118
2021-12-02;88,10;88,96;88,10;88,18;305.108;26.952.653
2021-12-01;88,56;88,90;88,14;88,50;373.340;33.037.886
2021-11-30;89,00;89,46;88,16;88,22;609.479;53.874.010
2021-11-29;91,24;91,24;89,06;89,26;523.651;46.925.161
2021-11-26;89,80;91,36;89,46;90,78;455.106;41.175.818
2021-11-25;92,34;93,06;91,94;92,58;337.665;31.253.804
2021-11-24;92,66;92,66;91,26;92,10;218.464;20.097.468
2021-11-23;91,00;92,78;90,46;92,46;291.045;26.807.922
2021-11-22;93,50;93,50;91,54;91,60;357.035;32.844.028
2021-11-19;93,40;94,02;92,78;93,54;358.170;33.444.558
2021-11-18;94,10;94,40;92,90;93,44;259.818;24.270.790
2021-11-17;95,28;95,28;93,96;94,08;242.881;22.910.817
2021-11-16;95,42;95,88;94,74;95,32;179.841;17.159.748
2021-11-15;94,68;95,52;94,34;95,32;209.445;19.931.327
2021-11-12;94,54;95,24;93,98;94,84;267.883;25.386.271
2021-11-11;95,58;96,02;94,52;94,66;377.065;35.884.701
2021-11-10;92,96;93,88;92,92;93,56;228.121;21.334.392
2021-11-09;92,42;93,22;92,02;92,96;185.119;17.187.819
2021-11-08;93,20;93,54;92,22;92,44;256.294;23.746.976
2021-11-05;93,16;93,94;92,94;93,20;276.426;25.781.791
2021-11-04;93,50;93,66;91,50;93,04;422.179;39.147.550
2021-11-03;93,14;93,74;92,84;93,20;225.384;21.019.465
2021-11-02;92,60;94,12;92,56;93,10;381.839;35.568.772
2021-11-01;92,64;94,02;92,06;92,68;384.234;35.673.830
2021-10-29;91,24;92,30;89,74;91,90;673.365;61.433.596
2021-10-28;95,22;95,70;91,36;91,90;2.412.857;222.393.254
2021-10-27;97,60;98,86;96,28;96,42;450.145;43.593.595
2021-10-26;95,56;97,16;95,54;96,66;202.519;19.568.046
2021-10-25;96,14;96,38;95,46;95,46;183.367;17.534.922
2021-10-22;96,50;97,86;96,02;96,02;352.886;34.105.474
2021-10-21;93,32;95,28;93,32;94,86;337.145;31.977.084
2021-10-20;93,12;94,02;92,90;93,50;212.178;19.847.557
2021-10-19;94,38;94,50;93,12;93,20;245.464;22.914.449
2021-10-18;93,66;94,22;93,44;94,22;188.796;17.753.453
2021-10-15;94,42;94,46;93,26;93,68;202.563;18.976.342
2021-10-14;93,42;94,38;92,88;94,18;197.033;18.508.000
2021-10-13;92,40;93,28;91,58;93,16;253.980;23.555.319
2021-10-12;92,44;93,06;92,10;92,60;163.671;15.144.580
2021-10-11;93,04;93,20;92,66;93,04;149.851;13.934.747
2021-10-08;92,84;93,46;92,70;93,14;205.362;19.118.155
2021-10-07;93,80;94,18;92,32;92,72;308.517;28.675.791
2021-10-06;94,32;94,34;92,90;93,12;276.479;25.774.321
2021-10-05;96,02;96,02;94,36;94,84;190.762;18.100.118
2021-10-04;93,34;95,04;93,30;94,36;250.873;23.698.609
2021-10-01;92,66;94,64;92,12;93,76;319.540;29.980.452
2021-09-30;94,40;95,36;93,12;93,46;421.752;39.569.949
2021-09-29;96,10;97,20;95,52;95,52;281.188;26.920.532
2021-09-28;96,82;97,62;95,64;95,90;473.564;45.528.932
2021-09-27;101,20;101,35;98,66;98,70;266.822;26.443.441
2021-09-24;101,75;101,80;100,70;100,85;154.369;15.581.385
2021-09-23;102,25;102,70;101,80;101,95;157.763;16.107.380
2021-09-22;101,80;102,15;101,55;101,55;210.438;21.397.484
2021-09-21;102,80;103,35;100,15;101,75;381.185;38.763.683
2021-09-20;103,00;103,50;102,15;102,65;346.678;35.610.351
2021-09-17;104,15;105,00;103,30;103,35;1.205.604;124.694.523
2021-09-16;104,50;104,80;103,30;103,75;224.025;23.253.935
2021-09-15;105,10;105,70;104,30;104,55;195.737;20.499.481
2021-09-14;105,50;105,95;105,00;105,30;207.071;21.837.799
2021-09-13;104,50;106,00;104,40;105,50;200.706;21.183.729
2021-09-10;105,20;105,35;104,45;104,45;181.185;18.948.135
2021-09-09;105,50;106,45;104,90;105,00;293.507;30.936.686
2021-09-08;102,75;103,90;101,95;103,75;231.776;23.990.048
2021-09-07;103,05;103,50;102,70;102,90;191.218;19.683.845
2021-09-06;102,50;103,65;102,35;103,10;147.867;15.256.051
2021-09-03;103,10;103,45;101,80;102,60;167.522;17.191.578
2021-09-02;103,15;104,00;102,90;102,95;186.319;19.229.420
2021-09-01;103,00;103,70;103,00;103,35;160.391;16.576.589
2021-08-31;103,95;104,00;102,35;102,75;250.988;25.804.749
2021-08-30;103,35;103,80;103,15;103,55;127.051;13.151.742
2021-08-27;102,50;104,10;102,35;103,30;190.137;19.660.601
2021-08-26;101,25;102,65;100,95;102,65;155.905;15.951.617
2021-08-25;103,15;103,70;101,90;102,15;195.080;19.958.425
2021-08-24;104,95;104,95;103,25;103,40;158.314;16.393.144
2021-08-23;105,65;105,65;104,05;105,00;116.288;12.184.772
2021-08-20;105,30;105,45;104,00;105,15;131.868;13.841.398
2021-08-19;104,20;105,20;103,35;105,20;236.416;24.729.594
2021-08-18;105,80;106,25;105,00;105,00;183.426;19.322.088
2021-08-17;105,15;105,75;104,80;105,65;251.082;26.502.626
2021-08-16;106,00;106,15;105,20;105,70;156.352;16.522.325
2021-08-13;106,50;106,75;105,90;106,15;135.453;14.387.022
2021-08-12;106,65;106,85;106,00;106,65;124.364;13.252.556
2021-08-11;106,85;107,20;106,05;106,60;195.513;20.844.020
2021-08-10;105,25;107,25;104,95;106,95;214.380;22.851.559
2021-08-09;106,10;107,50;100,10;105,10;467.811;48.796.328
2021-08-06;106,55;106,95;105,50;106,20;208.542;22.171.164
2021-08-05;105,50;108,05;104,70;106,65;521.811;55.733.764
2021-08-04;100,80;101,90;100,55;101,85;310.393;31.561.886
2021-08-03;100,25;100,90;99,98;100,45;262.456;26.352.024
2021-08-02;100,20;100,20;98,54;100,15;262.211;26.148.684
2021-07-30;100,45;100,50;99,74;100,15;367.707;36.829.997
2021-07-29;100,90;101,05;100,20;100,90;173.451;17.488.795
2021-07-28;101,10;101,55;100,85;100,85;192.361;19.430.317
2021-07-27;101,70;101,95;99,30;101,30;269.056;27.173.379
2021-07-26;101,75;102,20;101,35;101,65;144.573;14.701.877
2021-07-23;100,80;102,15;100,60;102,00;209.451;21.324.834
2021-07-22;101,55;101,55;100,05;100,60;206.433;20.740.158
2021-07-21;101,50;101,80;101,20;101,50;136.830;13.889.781
2021-07-20;101,95;102,65;100,95;101,05;332.682;33.750.367
2021-07-19;101,95;102,45;101,35;101,80;212.604;21.638.252
2021-07-16;101,60;102,50;101,15;102,10;195.110;19.903.622
2021-07-15;101,90;102,50;101,45;101,75;251.237;25.603.895
2021-07-14;102,85;102,95;101,25;102,05;254.582;25.954.297
2021-07-13;102,90;103,00;102,10;102,95;206.845;21.250.545
2021-07-12;102,10;103,20;101,80;103,00;179.658;18.480.670
2021-07-09;102,15;102,50;101,45;102,15;286.888;29.271.077
2021-07-08;104,55;104,95;101,75;102,35;354.715;36.433.336
2021-07-07;103,80;105,00;103,80;104,60;335.114;35.037.800
2021-07-06;102,90;103,60;102,75;103,50;259.659;26.838.310
2021-07-05;102,75;102,95;102,00;102,80;124.165;12.742.736
2021-07-02;102,55;103,05;102,15;102,50;171.430;17.575.238
2021-07-01;102,15;102,30;101,40;101,95;189.915;19.365.464
2021-06-30;102,25;102,55;101,10;101,75;297.629;30.274.686
2021-06-29;102,70;103,40;102,20;102,30;226.094;23.180.779
2021-06-28;101,65;102,90;101,65;102,70;165.866;17.017.787
2021-06-25;101,55;102,05;100,85;101,95;178.457;18.154.197
2021-06-24;100,65;102,50;100,65;101,65;394.176;40.009.564
2021-06-23;101,95;102,10;100,45;100,45;319.450;32.200.131
2021-06-22;102,60;102,80;102,00;102,00;251.396;25.691.319
2021-06-21;103,35;103,70;102,40;102,40;296.240;30.418.469
2021-06-18;102,70;103,65;102,35;103,25;692.857;71.505.098
2021-06-17;102,70;102,70;101,25;102,65;249.670;25.503.646
2021-06-16;102,30;104,00;102,15;102,95;301.637;31.115.242
2021-06-15;100,70;101,45;100,65;101,15;176.021;17.796.902
2021-06-14;100,60;100,90;100,10;100,30;195.259;19.592.722
2021-06-11;100,45;100,85;100,00;100,50;131.380;13.196.544
2021-06-10;100,60;101,00;99,90;100,30;182.911;18.354.326
2021-06-09;100,90;100,90;100,10;100,50;205.266;20.629.577
2021-06-08;101,65;101,65;100,85;100,85;242.560;24.508.153
2021-06-07;100,50;101,95;100,40;101,55;255.741;25.938.116
2021-06-04;100,70;101,15;99,96;100,35;339.518;34.082.989
2021-06-03;99,32;99,38;98,86;99,28;184.141;18.267.229
2021-06-02;98,92;100,55;98,46;99,54;488.077;48.617.115
2021-06-01;97,00;97,28;96,38;96,82;156.412;15.148.226
2021-05-31;97,28;97,34;96,84;96,84;133.429;12.932.984
2021-05-28;96,88;97,78;96,44;97,30;246.457;23.967.080
2021-05-27;98,60;98,80;97,26;97,26;422.663;41.180.094
2021-05-26;98,64;99,18;98,64;98,68;181.860;17.960.072
2021-05-25;97,90;98,52;97,74;98,28;212.327;20.866.540
2021-05-21;97,74;98,30;97,40;97,76;218.584;21.375.777
2021-05-20;96,66;97,62;96,50;97,62;223.098;21.733.812
2021-05-19;96,10;96,42;95,68;96,40;207.980;20.018.637
2021-05-18;97,12;97,28;96,28;96,62;278.035;26.879.432
2021-05-17;96,60;97,24;96,36;96,94;135.985;13.170.539
2021-05-14;97,00;97,40;96,50;96,60;236.630;22.894.872
2021-05-13;95,80;96,72;95,06;96,64;152.560;14.674.702
2021-05-12;96,52;97,28;96,10;96,32;358.939;34.644.129
2021-05-11;96,50;97,02;96,10;96,66;586.118;56.644.167
2021-05-10;96,12;97,02;95,88;97,02;251.777;24.373.101
2021-05-07;95,50;96,46;95,50;96,06;270.722;25.999.982
2021-05-06;94,16;95,46;94,16;95,46;296.221;28.199.418
2021-05-05;93,52;94,62;93,22;94,06;267.559;25.171.064
2021-05-04;93,94;94,36;93,18;93,30;268.882;25.147.744
2021-05-03;93,80;94,28;93,14;93,92;149.628;14.044.233
2021-04-30;93,88;94,36;93,00;93,90;344.740;32.339.005
2021-04-29;93,64;94,96;93,08;93,68;337.459;31.667.142
2021-04-28;92,26;94,88;91,80;93,44;575.985;53.864.371
2021-04-27;90,94;92,24;90,58;91,76;398.935;36.622.583
2021-04-26;91,50;91,92;90,74;90,86;189.571;17.252.892
2021-04-23;91,96;92,28;90,32;91,30;257.006;23.451.411
2021-04-22;91,82;92,58;91,34;92,18;270.223;24.874.529
2021-04-21;91,00;91,92;90,96;91,62;256.579;23.474.863
2021-04-20;91,84;92,22;90,74;90,88;293.820;26.728.622
2021-04-19;91,60;93,02;91,60;92,10;262.912;24.246.153
2021-04-16;92,02;92,06;91,04;91,52;243.332;22.287.671
2021-04-15;90,88;92,56;90,60;92,10;263.806;24.276.449
2021-04-14;91,32;91,60;90,50;90,66;204.450;18.565.749
2021-04-13;91,64;91,78;90,96;91,18;173.159;15.795.684
2021-04-12;92,12;92,38;91,52;91,72;238.208;21.872.547
2021-04-09;91,76;92,26;91,24;92,06;237.718;21.860.779
2021-04-08;91,80;92,20;90,24;91,66;438.060;40.108.377
2021-04-07;89,10;91,60;89,10;91,50;547.917;49.855.042
2021-04-06;90,70;90,70;88,98;89,16;346.983;30.997.777
2021-04-01;90,70;90,94;89,90;90,30;281.634;25.456.204
2021-03-31;89,94;90,46;89,68;90,10;323.415;29.150.515
2021-03-30;90,42;90,44;89,84;90,04;174.706;15.743.127
2021-03-29;89,40;90,40;89,38;90,22;241.247;21.711.495
2021-03-26;90,40;90,40;88,28;88,86;310.506;27.633.625
2021-03-25;89,08;90,54;88,76;90,20;335.078;30.196.835
2021-03-24;89,08;89,72;88,70;89,22;379.559;33.842.312
2021-03-23;87,98;89,92;87,84;89,28;387.614;34.582.817
2021-03-22;88,00;88,66;86,96;88,32;357.151;31.439.005
2021-03-19;88,00;88,50;87,50;88,14;2.170.563;191.254.414
2021-03-18;88,28;88,74;87,78;88,14;372.863;32.899.074
2021-03-17;87,80;88,46;87,60;88,26;296.917;26.186.504
2021-03-16;87,52;88,12;86,80;87,68;360.102;31.557.329
2021-03-15;87,10;87,92;86,78;86,96;339.546;29.611.334
2021-03-12;86,00;87,28;86,00;87,08;346.056;30.045.213
2021-03-11;87,26;87,26;85,88;86,14;378.312;32.608.557
2021-03-10;85,28;87,16;85,28;86,86;523.445;45.388.264
2021-03-09;85,44;86,82;85,14;85,28;615.159;52.775.987
2021-03-08;86,06;86,10;84,46;85,44;424.616;36.208.979
2021-03-05;84,66;86,14;83,52;85,88;696.917;59.208.552
2021-03-04;83,52;85,02;83,22;85,02;468.121;39.546.049
2021-03-03;84,04;84,74;83,02;83,38;532.010;44.460.406
2021-03-02;83,62;84,48;83,50;84,12;374.093;31.447.641
2021-03-01;82,80;84,06;82,60;83,28;591.178;49.256.994
2021-02-26;84,10;84,40;81,86;81,90;1.000.964;82.715.249
2021-02-25;85,06;85,34;84,42;84,56;313.502;26.565.789
2021-02-24;84,78;85,38;84,20;84,90;431.206;36.571.643
2021-02-23;84,50;85,40;84,34;85,28;537.683;45.744.333
2021-02-22;85,00;85,16;83,96;84,56;569.185;48.104.853
2021-02-19;86,90;87,18;85,08;85,08;651.383;55.844.251
2021-02-18;85,92;86,98;85,10;86,60;825.131;71.209.191
2021-02-17;86,00;87,42;83,44;86,00;1.664.162;142.894.225
2021-02-16;91,36;91,60;90,80;91,38;418.980;38.242.484
2021-02-15;92,36;92,36;91,20;91,48;244.732;22.418.506
2021-02-12;91,52;92,26;91,32;92,06;207.466;19.063.101
2021-02-11;91,78;92,04;91,36;91,40;270.326;24.761.112
2021-02-10;92,04;92,22;91,38;91,88;326.012;29.946.873
2021-02-09;92,02;92,58;91,30;91,94;206.421;18.944.087
2021-02-08;93,74;93,82;91,92;92,02;275.137;25.460.356
2021-02-05;91,46;93,28;91,00;93,00;453.040;41.912.113
2021-02-04;91,20;91,66;90,44;91,42;301.119;27.510.618
2021-02-03;91,96;92,84;91,06;91,28;245.006;22.450.647
2021-02-02;91,56;92,14;90,90;91,98;529.705;48.533.606
2021-02-01;90,92;91,20;90,30;91,10;325.483;29.584.094
2021-01-29;91,00;91,20;90,18;90,34;438.409;39.681.305
2021-01-28;91,56;92,60;91,54;91,94;315.862;29.059.151
2021-01-27;92,12;93,44;91,36;91,92;339.447;31.265.348
2021-01-26;92,08;93,54;92,02;92,52;368.043;34.108.311
2021-01-25;91,52;92,26;90,70;92,02;283.928;26.027.881
2021-01-22;90,62;91,42;90,38;91,42;329.048;29.965.137
2021-01-21;91,70;92,14;90,70;91,00;379.212;34.583.717
2021-01-20;92,00;92,54;91,42;91,64;272.142;24.990.080
2021-01-19;92,90;92,96;91,96;91,96;367.303;33.922.942
2021-01-18;92,00;93,10;91,66;92,48;320.349;29.665.311
2021-01-15;91,62;92,54;91,04;92,50;521.250;47.921.239
2021-01-14;93,28;93,46;92,06;92,14;274.500;25.353.243
2021-01-13;92,96;93,22;92,06;93,10;379.297;35.175.770
2021-01-12;93,74;93,76;92,02;92,70;547.555;50.739.619
2021-01-11;93,94;94,14;93,42;93,86;342.114;32.085.619
2021-01-08;93,86;94,20;93,04;94,08;344.509;32.305.256
2021-01-07;94,16;94,16;92,84;93,40;334.794;31.229.555
2021-01-06;94,20;94,20;92,64;94,00;355.299;33.230.833
2021-01-05;94,62;94,74;93,52;94,20;507.440;47.765.343
2021-01-04;95,28;95,68;94,08;95,14;307.978;29.295.192
2020-12-30;95,28;95,40;94,44;94,44;121.069;11.461.767
2020-12-29;95,44;95,92;95,00;95,40;193.822;18.501.791
2020-12-28;93,80;95,16;93,66;94,84;190.535;18.038.057
2020-12-23;93,24;93,78;92,88;93,18;231.334;21.578.684
2020-12-22;91,52;93,32;91,30;93,08;327.184;30.293.305
2020-12-21;92,60;92,78;90,48;91,00;435.656;39.752.222
2020-12-18;93,52;94,38;92,98;93,22;560.981;52.412.293
2020-12-17;95,56;95,60;93,52;93,70;408.648;38.388.562
2020-12-16;92,28;94,96;92,28;94,82;461.241;43.440.322
2020-12-15;92,66;93,58;92,06;92,06;519.703;48.172.401
2020-12-14;92,20;92,80;90,48;92,24;512.005;47.059.944
2020-12-11;91,14;91,62;90,62;91,36;469.883;42.846.541
2020-12-10;91,50;91,94;90,94;91,14;516.633;47.187.809
2020-12-09;91,70;92,04;91,06;91,40;363.285;33.202.130
2020-12-08;91,22;91,66;90,52;91,66;472.263;43.144.801
2020-12-07;91,88;92,16;91,00;91,26;346.028;31.586.997
2020-12-04;91,12;91,96;91,12;91,88;455.765;41.795.271
2020-12-03;92,56;92,76;91,08;91,22;434.593;39.696.727
2020-12-02;92,90;94,14;92,12;92,28;359.190;33.244.080
2020-12-01;94,32;94,32;92,86;92,86;355.085;33.130.867
2020-11-30;94,72;95,14;93,74;93,74;672.981;63.234.468
2020-11-27;94,66;95,60;94,64;94,90;365.041;34.700.493
2020-11-26;95,10;95,60;94,62;94,62;263.531;25.004.625
2020-11-25;93,64;95,68;93,42;95,12;476.191;45.199.106
2020-11-24;96,24;96,24;93,12;93,64;559.136;52.587.668
2020-11-23;97,42;97,96;95,48;95,48;280.408;26.954.950
2020-11-20;97,10;97,72;96,80;97,10;328.940;31.986.265
2020-11-19;97,14;98,14;96,80;97,10;397.436;38.705.109
2020-11-18;99,24;99,56;97,64;97,64;364.117;35.751.312
2020-11-17;101,45;101,50;100,00;100,00;246.094;24.683.016
2020-11-16;101,15;102,85;100,80;101,50;335.733;34.175.249
2020-11-13;100,70;101,80;100,60;101,50;363.703;36.867.084
2020-11-12;100,30;101,80;100,20;101,10;354.930;35.917.320
2020-11-11;99,42;100,85;98,90;100,75;486.806;48.867.914
2020-11-10;97,98;99,64;97,88;99,46;446.371;44.261.556
2020-11-09;94,56;98,98;94,24;98,44;642.812;62.743.653
2020-11-06;93,50;93,84;92,42;93,24;405.016;37.718.831
2020-11-05;93,74;94,82;93,18;93,60;316.220;29.690.083
2020-11-04;90,50;93,68;90,24;93,68;461.045;42.722.839
2020-11-03;90,64;91,88;90,32;91,38;466.223;42.586.136
2020-11-02;90,40;90,94;89,86;90,56;430.284;38.937.300
2020-10-30;89,50;90,28;88,86;89,90;609.409;54.564.916
2020-10-29;92,02;92,42;89,92;90,66;751.775;68.459.279
2020-10-28;97,36;98,66;92,34;93,60;876.573;82.544.006
2020-10-27;100,40;100,40;99,42;100,10;388.152;38.772.003
2020-10-26;99,00;100,50;98,66;99,90;304.453;30.402.352
2020-10-23;98,32;99,64;98,16;99,32;261.732;25.944.106
2020-10-22;98,84;99,30;98,00;98,52;305.889;30.139.118
2020-10-21;101,05;101,05;98,72;99,00;283.725;28.174.125
2020-10-20;100,10;101,50;100,05;100,90;259.686;26.209.688
2020-10-19;100,25;100,85;99,98;99,98;414.314;41.578.703
2020-10-16;98,90;100,70;98,50;100,25;295.255;29.550.833
2020-10-15;98,94;99,42;98,14;98,62;254.758;25.137.046
2020-10-14;99,50;100,25;98,70;100,25;274.910;27.483.610
2020-10-13;98,88;100,35;98,74;99,18;319.188;31.744.782
2020-10-12;98,54;99,30;97,70;98,92;268.863;26.566.833
2020-10-09;97,52;98,78;97,14;98,28;279.596;27.410.357
2020-10-08;96,60;97,98;96,36;96,92;314.035;30.477.361
2020-10-07;97,04;97,44;96,08;96,36;296.653;28.618.462
2020-10-06;96,76;97,42;96,20;97,20;364.577;35.342.690
2020-10-05;97,52;98,22;96,64;96,70;196.877;19.124.193
2020-10-02;96,76;97,46;96,28;97,16;299.139;29.018.710
2020-10-01;98,08;98,26;96,26;97,34;282.603;27.476.313
2020-09-30;95,90;97,36;95,62;97,00;333.554;32.336.857
2020-09-29;96,24;97,16;95,74;96,64;375.066;36.204.763
2020-09-28;93,06;95,52;93,02;95,42;333.704;31.663.501
2020-09-25;93,58;93,94;92,14;92,22;366.587;33.928.074
2020-09-24;94,10;94,78;92,80;93,04;354.614;33.125.918
2020-09-23;94,64;95,46;94,32;94,84;238.024;22.586.146
2020-09-22;93,34;94,52;93,08;94,08;370.113;34.713.038
2020-09-21;95,20;95,46;93,36;93,36;394.185;36.994.361
2020-09-18;98,00;98,00;95,54;95,54;700.809;67.279.606
2020-09-17;97,00;98,06;96,54;97,88;332.164;32.378.924
2020-09-16;98,42;98,64;97,88;97,92;222.326;21.802.752
2020-09-15;97,92;98,72;97,64;98,46;215.538;21.204.912
2020-09-14;98,76;99,24;97,84;97,84;196.653;19.304.145
2020-09-11;98,64;99,02;97,48;98,32;489.362;48.071.294
2020-09-10;99,30;99,64;98,16;98,92;342.646;33.904.969
2020-09-09;97,12;99,64;97,12;99,26;327.814;32.401.608
2020-09-08;97,98;98,32;96,30;96,94;292.630;28.393.364
2020-09-07;97,22;97,74;96,42;97,74;377.046;36.669.498
2020-09-04;98,72;99,14;96,74;96,92;411.224;40.231.173
2020-09-03;99,10;101,95;99,08;99,50;557.002;55.955.938
2020-09-02;98,14;99,66;97,74;98,80;393.241;38.876.095
2020-09-01;97,40;97,74;96,70;97,56;553.154;53.828.637
2020-08-31;96,74;99,20;96,70;96,80;517.258;50.574.106
2020-08-28;97,66;97,74;96,00;96,60;438.261;42.311.944
2020-08-27;97,40;97,88;96,54;97,34;360.168;35.057.803
2020-08-26;95,58;96,94;95,08;96,94;325.676;31.397.013
2020-08-25;96,40;97,10;95,80;95,84;147.465;14.193.210
2020-08-24;95,18;96,74;95,18;96,44;253.257;24.398.024
2020-08-21;95,00;95,70;93,84;94,74;327.526;31.052.124
2020-08-20;94,10;95,12;93,78;94,62;265.153;25.060.111
2020-08-19;94,60;94,92;94,10;94,22;298.152;28.117.609
2020-08-18;95,14;95,50;94,16;94,34;322.054;30.473.119
2020-08-17;95,74;96,04;94,92;95,46;202.802;19.344.697
2020-08-14;96,92;96,92;95,34;95,66;230.306;22.059.265
2020-08-13;97,44;97,88;96,64;96,80;214.749;20.827.730
2020-08-12;95,28;97,30;94,84;97,30;435.115;42.062.690
2020-08-11;96,20;97,50;94,90;95,26;498.704;47.913.990
2020-08-10;96,30;96,30;94,78;95,50;335.784;32.026.360
2020-08-07;96,62;97,88;95,14;95,74;437.007;41.957.643
2020-08-06;100,80;102,95;96,94;97,14;647.179;63.686.169
2020-08-05;102,95;103,70;102,35;102,85;370.975;38.171.275
2020-08-04;103,05;103,45;101,55;102,25;244.332;24.972.600
2020-08-03;101,55;104,10;100,75;102,85;338.453;34.825.688
2020-07-31;100,50;102,45;99,98;101,15;402.071;40.739.705
2020-07-30;103,15;103,15;100,35;100,95;383.972;38.834.802
2020-07-29;102,15;103,60;101,75;103,15;193.958;20.005.265
2020-07-28;101,70;102,20;101,00;102,05;225.891;22.944.376
2020-07-27;101,00;101,95;100,80;101,40;178.574;18.113.144
2020-07-24;101,80;102,50;101,00;101,30;253.164;25.713.078
2020-07-23;101,30;103,05;101,30;102,40;346.876;35.492.018
2020-07-22;100,95;101,35;100,45;100,95;235.223;23.745.249
2020-07-21;100,70;102,10;100,45;101,45;377.760;38.282.141
2020-07-20;99,12;100,35;98,70;99,90;256.594;25.620.476
2020-07-17;97,94;99,96;97,94;99,60;358.727;35.742.376
2020-07-16;98,00;99,38;97,94;98,74;413.093;40.810.875
2020-07-15;98,14;99,58;98,14;98,96;294.816;29.189.326
2020-07-14;97,40;98,10;96,50;97,44;413.801;40.257.288
2020-07-13;96,86;98,50;96,64;98,44;463.170;45.314.628
2020-07-10;94,72;96,10;94,42;95,92;503.350;47.979.127
2020-07-09;96,30;96,86;94,92;95,00;408.983;39.141.672
2020-07-08;97,72;98,22;96,22;96,46;422.723;40.984.854
2020-07-07;99,36;99,86;97,44;98,24;614.054;60.377.976
2020-07-06;103,75;103,75;99,64;99,90;744.737;75.034.566
2020-07-03;103,80;104,05;101,80;101,85;216.140;22.150.214
2020-07-02;102,95;103,90;101,85;103,90;343.068;35.381.643
2020-07-01;101,25;102,60;99,60;102,50;556.531;56.647.978
2020-06-30;100,80;101,85;100,25;101,10;449.990;45.528.646
2020-06-29;100,70;100,95;99,14;100,60;557.618;55.877.598
2020-06-26;101,10;101,75;100,45;101,40;516.157;52.218.490
2020-06-25;99,28;100,40;97,88;100,15;504.987;50.312.593
2020-06-24;100,65;100,90;98,58;98,84;521.813;51.705.798
2020-06-23;100,40;101,35;99,66;101,20;381.485;38.483.682
2020-06-22;100,15;101,20;99,80;99,80;353.147;35.379.456
2020-06-19;100,30;101,70;100,30;101,25;699.546;70.810.842
2020-06-18;100,00;100,35;99,10;99,76;504.790;50.340.124
2020-06-17;99,70;100,45;99,24;100,25;477.195;47.700.006
2020-06-16;96,98;100,15;96,54;99,90;550.151;54.554.723
2020-06-15;96,50;97,44;95,52;96,38;493.783;47.653.456
2020-06-12;98,24;100,10;97,90;98,24;489.493;48.260.907
2020-06-11;99,14;99,70;98,44;98,44;585.708;57.921.887
2020-06-10;100,10;100,85;99,36;99,84;471.612;47.135.963
2020-06-09;98,90;100,45;98,32;99,96;652.640;64.898.007
2020-06-08;98,98;99,60;97,14;98,96;584.247;57.503.974
2020-06-05;99,60;99,86;98,46;99,08;558.864;55.388.509
2020-06-04;99,24;101,50;99,08;99,50;706.431;70.676.390
2020-06-03;96,28;99,12;96,08;98,96;666.417;65.701.592
2020-06-02;95,74;96,64;94,72;96,18;510.599;48.990.074
2020-05-29;95,14;95,78;93,70;94,26;619.600;58.561.954
2020-05-28;94,28;95,54;93,30;95,54;447.751;30.839.761
2020-05-27;91,28;93,94;90,92;93,84;561.861;52.123.605
2020-05-26;93,54;93,54;91,14;91,50;520.008;47.727.636
2020-05-25;92,34;93,28;91,78;92,98;237.492;22.015.386
2020-05-22;91,26;92,18;90,62;91,98;336.903;30.814.239
2020-05-21;93,12;93,14;92,02;92,14;223.166;20.642.769
2020-05-20;92,84;93,70;92,22;93,70;363.066;33.791.045
2020-05-19;96,06;96,16;93,10;93,22;559.506;52.686.482
2020-05-18;93,60;95,60;93,18;95,60;403.080;38.216.074
2020-05-15;91,38;92,86;91,04;92,48;453.902;41.855.387
2020-05-14;91,70;92,80;90,80;91,30;594.263;54.525.880
2020-05-13;94,50;95,18;92,40;92,54;466.977;43.488.526
2020-05-12;94,40;95,64;94,28;95,20;360.582;34.261.553
2020-05-11;94,44;94,94;93,08;94,68;303.548;28.612.740
2020-05-08;92,66;94,78;92,44;94,28;320.703;30.169.102
2020-05-07;91,10;92,44;90,86;92,24;456.118;41.942.952
2020-05-06;89,40;91,84;89,40;91,00;608.925;55.445.408
2020-05-05;92,00;92,12;88,38;89,28;898.156;80.226.970
2020-05-04;94,30;94,50;91,30;91,90;707.742;65.377.849
2020-04-30;95,14;97,90;93,98;95,58;607.872;58.432.290
2020-04-29;94,78;95,36;94,00;95,12;455.831;43.172.080
2020-04-28;94,42;95,24;93,68;94,90;410.076;38.851.471
2020-04-27;96,06;96,24;94,00;94,44;424.526;40.217.968
2020-04-24;94,22;95,08;93,28;94,78;470.133;44.475.858
2020-04-23;95,84;95,98;93,88;95,38;414.847;39.468.358
2020-04-22;96,36;96,76;95,22;95,94;411.952;39.541.057
2020-04-21;95,26;98,42;95,22;95,88;756.311;73.056.297
2020-04-20;94,82;95,68;93,90;95,68;364.711;34.630.804
2020-04-17;94,96;96,18;94,30;94,56;481.251;45.751.628
2020-04-16;94,04;94,50;92,26;93,34;414.701;38.703.087
2020-04-15;94,12;96,36;92,54;92,98;583.407;54.868.645
2020-04-14;91,90;94,54;91,64;94,26;386.483;36.148.026
2020-04-09;90,20;91,50;89,48;91,40;509.648;46.279.986
2020-04-08;89,00;91,14;88,88;89,90;545.722;49.138.456
2020-04-07;91,74;91,92;88,96;90,92;608.208;55.017.474
2020-04-06;91,36;91,68;89,70;90,04;475.964;43.027.702
2020-04-03;88,78;91,52;88,52;89,72;470.463;42.121.961
2020-04-02;88,60;89,62;88,04;89,62;618.103;55.064.102
2020-04-01;90,28;90,64;88,12;88,64;784.715;69.968.441
2020-03-31;94,40;94,74;89,42;92,56;883.923;81.144.845
2020-03-30;92,00;94,08;90,10;93,62;436.529;40.282.898
2020-03-27;94,20;94,32;90,84;91,56;612.028;56.427.317
2020-03-26;93,94;95,54;93,02;95,54;640.037;60.622.090
2020-03-25;96,46;97,82;91,52;95,66;820.305;77.816.062
2020-03-24;90,02;94,78;89,18;94,78;788.042;73.174.996
2020-03-23;86,42;90,48;85,18;88,12;748.873;65.719.262
2020-03-20;93,00;93,30;88,70;89,68;1.001.145;90.870.450
2020-03-19;92,96;96,10;88,78;89,68;767.279;69.759.138
2020-03-18;83,28;92,08;83,28;91,04;810.149;72.054.316
2020-03-17;84,28;86,74;80,00;85,84;796.115;67.326.964
2020-03-16;81,24;84,20;77,62;82,82;1.460.918;117.967.106
2020-03-13;85,36;89,12;83,80;84,80;1.594.918;136.719.817
2020-03-12;87,62;89,04;83,84;84,52;1.594.550;137.744.159
2020-03-11;94,02;94,92;90,26;90,86;927.710;85.744.668
2020-03-10;96,56;97,92;92,74;93,12;1.083.278;102.888.185
2020-03-09;94,52;97,04;94,08;95,98;1.343.821;128.418.608
2020-03-06;99,16;100,15;97,78;98,78;753.064;74.352.415
2020-03-05;99,34;100,80;99,00;100,80;705.538;70.577.368
2020-03-04;97,50;99,62;97,50;99,42;653.364;64.663.229
2020-03-03;96,90;99,28;95,10;97,82;876.688;85.763.032
2020-03-02;94,92;97,20;94,50;96,88;945.453;90.782.616
2020-02-28;95,10;96,04;93,30;94,90;1.128.143;106.990.522
2020-02-27;97,52;98,98;96,82;96,82;679.227;66.228.290
2020-02-26;100,50;100,50;97,50;99,38;665.410;66.066.857
2020-02-25;103,05;103,50;100,55;100,75;450.720;45.782.839
2020-02-24;105,85;106,05;101,90;102,75;597.445;61.547.400
2020-02-21;107,00;107,50;106,55;107,25;367.755;39.409.744
2020-02-20;107,45;107,50;105,75;107,05;360.893;38.532.500
2020-02-19;106,15;107,35;105,85;107,35;278.247;29.775.156
2020-02-18;105,10;106,30;105,05;106,00;219.151;23.214.128
2020-02-17;106,25;106,40;105,40;105,65;133.695;14.134.380
2020-02-14;105,90;106,05;105,30;105,80;205.973;21.790.392
2020-02-13;104,55;105,70;104,20;105,70;233.469;24.548.458
2020-02-12;104,80;105,05;104,25;105,05;235.979;24.725.202
2020-02-11;104,55;105,30;104,20;104,80;221.804;23.255.942
2020-02-10;103,75;104,40;103,65;104,40;177.493;18.491.350
2020-02-07;105,25;106,70;103,80;104,10;298.923;31.232.612
2020-02-06;104,50;105,20;104,10;105,15;354.634;37.153.708
2020-02-05;103,90;104,35;103,80;104,15;248.965;25.901.074
2020-02-04;103,75;104,35;103,50;103,55;256.846;26.627.462
2020-02-03;102,30;103,75;102,25;103,50;351.607;36.300.624
2020-01-31;103,60;103,70;102,05;102,40;451.643;46.303.948
2020-01-30;103,25;103,75;102,55;103,50;322.118;33.268.570
2020-01-29;104,45;104,80;103,55;103,75;249.499;25.929.686
2020-01-28;104,30;104,95;103,00;104,35;336.137;34.980.112
2020-01-27;105,50;106,00;103,50;103,95;507.829;53.060.308
2020-01-24;105,10;106,60;104,95;106,50;245.425;26.026.790
2020-01-23;105,00;105,35;103,95;104,75;255.855;26.768.150
2020-01-22;106,05;107,00;105,30;105,50;229.046;24.243.288
2020-01-21;106,10;106,30;105,50;105,80;245.963;26.035.824
2020-01-20;105,40;106,80;105,40;106,70;199.810;21.268.032
2020-01-17;106,15;106,95;105,80;105,90;482.305;51.223.896
2020-01-16;104,95;106,30;104,75;106,00;492.025;51.980.296
2020-01-15;107,00;107,70;106,80;107,00;365.157;39.109.820
2020-01-14;105,70;107,30;105,50;107,00;305.016;32.511.248
2020-01-13;107,75;107,85;106,95;107,30;219.480;23.562.932
2020-01-10;107,25;108,05;106,95;107,70;262.850;28.292.490
2020-01-09;106,85;107,85;106,55;107,15;322.831;34.597.840
2020-01-08;105,90;106,50;105,50;106,20;252.169;26.755.926
2020-01-07;106,70;106,90;105,55;105,75;262.276;27.805.496
2020-01-06;105,15;106,30;104,45;106,00;291.549;30.797.682
2020-01-03;105,10;105,65;104,65;105,65;244.422;25.747.660
2020-01-02;105,60;106,80;105,40;105,65;346.360;36.707.432
2019-12-30;106,90;107,00;105,85;106,65;111.371;11.862.134
2019-12-27;107,60;107,75;106,60;106,75;192.494;20.608.326
2019-12-23;107,25;107,80;106,75;106,85;247.035;26.473.270
2019-12-20;104,75;107,05;104,60;107,05;748.838;79.921.592
2019-12-19;103,65;105,05;103,45;105,05;353.249;36.973.976
2019-12-18;102,60;104,85;102,60;103,75;387.512;40.265.568
2019-12-17;103,90;104,00;102,50;102,95;507.549;52.292.932
2019-12-16;103,10;104,45;102,90;104,15;309.724;32.177.320
2019-12-13;103,35;103,35;101,65;102,95;482.042;49.498.576
2019-12-12;104,25;104,25;102,85;102,85;368.427;38.056.336
2019-12-11;103,70;104,15;103,05;103,85;308.805;32.014.724
2019-12-10;104,00;104,00;102,00;103,50;442.076;45.615.064
2019-12-09;104,55;105,05;103,65;103,80;280.359;29.156.332
2019-12-06;103,90;104,95;103,35;104,80;222.809;23.273.612
2019-12-05;105,75;105,75;103,80;103,90;261.554;27.272.004
2019-12-04;104,65;105,90;103,75;105,35;320.418;33.706.836
2019-12-03;103,75;105,05;103,45;104,70;391.382;40.902.772
2019-12-02;105,70;106,40;103,40;103,40;417.305;43.551.280
2019-11-29;104,95;106,15;104,85;105,85;197.162;20.823.378
2019-11-28;105,50;105,70;105,00;105,45;115.694;12.189.476
2019-11-27;106,05;106,40;105,05;105,65;241.823;25.537.218
2019-11-26;104,10;105,60;103,50;105,60;465.274;48.990.412
2019-11-25;103,75;104,00;103,15;104,00;255.578;26.495.186
2019-11-22;104,60;104,80;103,30;103,40;420.765;43.698.980
2019-11-21;105,30;105,30;104,30;104,30;343.147;35.878.784
2019-11-20;105,90;106,20;105,05;105,45;247.900;26.173.072
2019-11-19;106,95;107,00;105,90;106,00;289.963;30.824.306
2019-11-18;106,10;106,35;105,10;106,20;390.325;41.332.220
2019-11-15;105,70;105,90;104,30;105,75;338.093;35.587.808
2019-11-14;105,35;106,60;103,95;105,10;398.757;41.900.312
2019-11-13;104,60;106,10;104,60;105,25;326.790;34.464.204
2019-11-12;105,55;105,65;104,55;104,90;365.324;38.382.904
2019-11-11;106,50;107,15;105,25;105,55;241.168;25.509.132
2019-11-08;106,70;107,10;106,10;106,75;320.552;34.185.836
2019-11-07;107,55;107,70;106,45;106,85;406.264;43.411.700
2019-11-06;105,20;107,30;104,80;107,15;393.333;41.998.508
2019-11-05;104,90;105,50;104,30;105,20;414.217;43.488.404
2019-11-04;105,05;105,85;104,20;105,20;359.886;37.827.392
2019-11-01;106,20;106,75;104,65;104,65;375.578;39.589.816
2019-10-31;104,85;107,25;104,65;106,15;650.352;69.104.336
2019-10-30;101,85;104,95;100,90;104,70;527.008;54.785.712
2019-10-29;103,15;103,80;101,70;103,00;576.785;59.272.344
2019-10-28;103,50;104,55;102,70;103,80;507.086;52.506.032
2019-10-25;104,05;104,25;102,75;103,65;359.686;37.254.492
2019-10-24;103,65;104,30;103,20;104,05;267.408;27.776.222
2019-10-23;104,05;104,70;103,10;103,40;376.837;38.996.248
2019-10-22;104,15;104,85;103,30;104,30;430.847;44.822.112
2019-10-21;105,70;106,10;104,35;104,45;316.524;33.133.468
2019-10-18;106,50;106,55;104,85;105,75;401.450;42.428.836
2019-10-17;106,50;107,00;105,95;106,35;387.837;41.262.556
2019-10-16;105,45;106,95;105,35;106,20;599.113;63.571.776
2019-10-15;105,25;106,60;104,95;106,00;783.622;82.898.016
2019-10-14;103,50;104,70;103,30;104,45;360.928;37.616.504
2019-10-11;104,70;104,75;103,15;103,35;557.369;57.758.704
2019-10-10;106,70;106,70;104,65;104,70;413.985;43.458.848
2019-10-09;106,55;108,05;106,40;106,55;279.098;29.846.378
2019-10-08;105,95;107,35;105,80;106,15;393.664;41.866.232
2019-10-07;105,80;106,60;105,55;105,90;344.541;36.509.692
2019-10-04;105,65;106,25;105,20;105,85;378.085;39.995.868
2019-10-02;107,45;107,75;104,45;105,00;525.081;55.354.824
2019-10-01;108,20;109,20;106,00;107,15;525.815;56.301.748
2019-09-30;108,25;108,90;107,60;108,20;350.417;37.928.584
2019-09-27;108,00;108,70;107,45;108,00;285.611;30.874.780
2019-09-26;106,90;107,80;105,80;107,75;722.401;77.338.472
2019-09-25;108,10;108,95;107,25;107,25;435.276;46.963.600
2019-09-24;107,60;108,75;107,05;108,40;295.554;31.987.848
2019-09-23;107,50;108,75;107,30;107,50;351.155;37.882.304
2019-09-20;108,20;108,20;107,05;107,60;732.783;78.811.688
2019-09-19;109,30;109,65;107,95;107,95;385.933;41.783.712
2019-09-18;107,80;109,40;107,50;109,25;412.319;44.858.744
2019-09-17;108,10;110,35;107,85;110,05;473.526;51.681.944
2019-09-16;109,30;109,60;107,75;107,90;285.762;31.002.750
2019-09-13;110,80;110,80;109,15;109,65;416.124;45.633.664
2019-09-12;110,50;111,65;109,65;110,65;487.421;53.877.320
2019-09-11;109,85;111,30;109,50;111,30;490.161;54.204.068
2019-09-10;111,85;111,85;108,50;109,80;754.598;82.746.552
2019-09-09;114,10;114,35;111,40;111,40;432.478;48.537.180
2019-09-06;114,40;114,85;112,90;114,00;555.533;63.186.560
2019-09-05;117,00;117,25;114,25;114,45;364.664;41.941.728
2019-09-04;116,65;116,80;115,50;116,35;306.521;35.622.068
2019-09-03;115,65;116,80;115,05;115,90;341.982;39.637.684
2019-09-02;114,40;116,25;114,10;115,80;250.196;28.957.122
2019-08-30;113,20;114,90;112,60;114,50;374.695;42.820.508
2019-08-29;113,35;115,35;113,35;114,20;353.001;40.350.204
2019-08-28;113,20;113,80;112,40;113,60;274.675;31.123.132
2019-08-27;111,35;113,00;110,60;113,00;379.148;42.611.828
2019-08-26;110,25;111,60;109,80;110,90;277.633;30.814.204
2019-08-23;110,50;111,15;110,00;110,15;341.272;37.718.564
2019-08-22;111,65;111,70;110,00;110,30;290.453;32.096.506
2019-08-21;110,20;111,45;110,10;111,30;250.909;27.843.856
2019-08-20;111,00;111,95;109,85;110,15;375.095;41.448.720
2019-08-19;110,30;110,85;109,85;110,50;315.219;34.816.592
2019-08-16;109,95;110,30;109,50;110,00;455.926;50.118.744
2019-08-15;108,65;110,85;108,45;109,95;543.573;59.710.556
2019-08-14;108,30;109,45;107,70;108,40;364.586;39.510.696
2019-08-13;108,40;108,80;106,90;107,95;446.894;48.251.996
2019-08-12;106,80;108,95;106,80;108,50;311.481;33.776.764
2019-08-09;109,50;109,75;108,35;108,60;410.214;44.690.732
2019-08-08;108,65;109,50;108,40;109,35;360.913;39.400.104
2019-08-07;106,70;108,15;105,55;107,70;456.291;48.855.108
2019-08-06;102,00;108,50;101,50;106,45;882.006;93.684.840
2019-08-05;105,00;105,70;103,05;103,15;459.490;47.779.692
2019-08-02;106,35;107,05;104,95;105,15;558.519;59.111.584
2019-08-01;104,90;107,05;104,55;106,90;438.456;46.644.828
2019-07-31;105,55;105,60;104,20;105,00;484.763;50.888.960
2019-07-30;106,50;107,50;106,30;106,35;299.499;31.951.478
2019-07-29;105,75;107,40;105,65;107,00;258.962;27.662.048
2019-07-26;106,25;106,35;105,05;106,00;271.353;28.701.046
2019-07-25;106,20;106,45;105,05;105,65;423.637;44.786.592
2019-07-24;107,90;108,60;105,50;105,85;458.454;48.808.512
2019-07-23;107,30;108,20;106,90;107,65;289.129;31.114.014
2019-07-22;105,90;106,90;105,70;106,90;236.617;25.214.400
2019-07-19;106,90;107,45;106,05;106,20;353.013;37.634.096
2019-07-18;106,90;107,50;106,10;106,65;365.446;38.996.704
2019-07-17;106,70;108,10;106,40;107,15;457.303;49.015.344
2019-07-16;106,10;107,25;105,95;106,55;503.254;53.659.616
2019-07-15;105,55;106,90;105,10;106,35;479.855;50.894.808
2019-07-12;105,90;106,20;105,25;106,05;358.664;37.956.712
2019-07-11;106,50;107,05;105,70;106,20;315.709;33.565.076
2019-07-10;106,75;107,05;105,70;106,55;472.785;50.318.556
2019-07-09;107,45;107,85;106,40;106,65;457.857;48.950.296
2019-07-08;106,90;107,95;106,90;107,50;234.436;25.224.120
2019-07-05;108,00;108,35;106,75;107,35;308.813;33.206.778
2019-07-04;108,65;108,80;107,60;108,15;322.249;34.797.440
2019-07-03;108,35;109,35;108,35;108,55;403.141;43.852.824
2019-07-02;106,75;108,05;106,75;108,05;420.107;45.229.892
2019-07-01;106,30;106,55;105,30;106,15;440.543;46.682.832
2019-06-28;104,95;105,70;104,70;105,55;468.142;49.284.260
2019-06-27;104,10;104,85;103,25;104,20;390.262;40.655.188
2019-06-26;105,70;106,50;104,15;104,30;652.522;68.573.120
2019-06-25;106,60;107,60;106,15;106,15;402.181;42.816.268
2019-06-24;106,70;107,25;106,15;107,00;369.348;39.484.976
2019-06-21;107,00;107,15;106,15;106,60;877.186;93.455.248
2019-06-20;107,15;108,05;106,70;106,90;553.547;59.321.308
2019-06-19;107,50;107,60;106,25;106,75;505.042;53.935.456
2019-06-18;107,95;108,50;106,85;107,80;499.915;53.895.300
2019-06-17;106,95;107,80;106,55;107,50;377.190;40.463.228
2019-06-14;106,70;107,15;106,15;106,95;446.245;47.668.848
2019-06-13;106,65;107,40;106,65;107,25;368.340;39.462.300
2019-06-12;105,60;107,50;105,60;107,10;350.395;37.441.668
2019-06-11;106,00;106,25;105,20;105,80;310.200;32.836.374
2019-06-07;105,00;106,00;104,75;105,45;369.179;38.900.776
2019-06-06;103,60;104,95;103,55;104,50;506.079;52.837.856
2019-06-05;103,20;104,60;102,90;104,60;312.667;32.583.370
2019-06-04;104,00;104,80;103,25;103,40;445.537;46.280.960
2019-06-03;103,00;104,40;103,00;104,40;468.067;48.652.364
2019-05-31;103,55;104,00;102,60;103,05;499.219;51.575.888
2019-05-30;102,70;104,75;102,20;104,00;346.345;35.989.368
2019-05-29;103,75;103,75;101,90;102,30;443.401;45.364.760
2019-05-28;103,95;103,95;102,65;103,25;365.595;37.737.292
2019-05-27;103,30;104,00;103,00;103,50;249.039;25.785.484
2019-05-24;102,15;103,75;101,80;102,95;545.253;56.143.680
2019-05-23;100,80;102,50;100,50;102,05;580.525;59.098.504
2019-05-22;99,50;101,55;99,36;101,20;396.543;40.052.156
2019-05-21;101,00;101,25;99,82;100,10;564.422;56.681.296
2019-05-20;102,15;102,55;100,45;101,30;358.705;36.356.120
2019-05-17;102,10;102,40;101,65;102,30;300.821;30.732.030
2019-05-16;100,05;102,25;100,05;102,20;454.890;46.187.024
2019-05-15;99,38;100,65;99,34;100,20;561.381;56.158.736
2019-05-14;99,88;99,90;98,82;99,56;530.754;52.787.780
2019-05-13;98,54;99,22;98,12;99,14;348.839;34.481.372
2019-05-10;98,66;99,00;98,24;98,40;382.505;37.664.372
2019-05-09;98,40;99,20;98,12;98,28;357.597;35.248.644
2019-05-08;97,38;98,82;97,28;98,40;447.051;43.964.704
2019-05-07;98,98;99,46;97,82;98,24;470.067;46.350.392
2019-05-06;97,58;98,74;97,36;98,62;282.209;27.709.620
2019-05-03;97,22;98,86;97,22;98,48;533.144;52.456.616
2019-05-02;97,40;98,10;96,84;97,80;556.606;54.285.732
2019-04-30;97,00;98,86;95,86;97,44;954.742;92.761.064
2019-04-29;94,50;94,54;93,70;94,08;417.908;39.288.204
2019-04-26;93,54;94,56;92,76;94,56;453.072;42.480.868
2019-04-25;93,00;94,02;92,98;93,74;401.908;37.660.204
2019-04-24;93,60;93,72;92,52;93,36;426.023;39.677.580
2019-04-23;92,94;94,04;92,76;93,84;278.878;26.078.680
2019-04-18;92,44;93,60;92,40;93,12;362.838;33.771.560
2019-04-17;92,24;92,80;90,92;92,68;484.171;44.562.324
2019-04-16;93,50;93,56;91,76;92,08;590.881;54.657.652
2019-04-15;93,32;93,64;92,88;93,22;397.539;37.042.508
2019-04-12;94,36;95,04;93,50;93,66;407.541;38.277.024
2019-04-11;94,50;94,98;94,20;94,50;281.831;26.649.640
2019-04-10;94,44;94,98;93,88;94,80;327.340;30.981.520
2019-04-09;93,58;94,40;93,52;94,28;397.570;37.424.592
2019-04-08;93,22;93,78;93,04;93,50;281.785;26.338.326
2019-04-05;93,26;93,50;92,82;93,34;277.094;25.842.172
2019-04-04;93,00;93,56;92,86;93,38;249.111;23.230.424
2019-04-03;93,80;93,80;92,24;93,06;499.057;46.399.856
2019-04-02;93,58;93,90;93,22;93,22;367.408;34.333.288
2019-04-01;93,50;94,48;93,28;93,64;670.967;62.921.904
2019-03-29;91,84;92,98;91,84;92,74;453.325;41.975.088
2019-03-28;91,62;92,78;91,52;92,20;355.955;32.816.198
2019-03-27;91,64;92,42;91,42;91,76;513.892;47.206.024
2019-03-26;90,60;92,68;90,60;91,72;685.834;62.954.132
2019-03-25;89,62;90,70;89,62;90,52;558.176;50.398.344
2019-03-22;90,00;90,34;89,02;89,86;651.119;58.449.676
2019-03-21;88,42;89,96;88,28;89,74;464.391;41.492.460
2019-03-20;89,10;89,10;88,32;88,56;691.753;61.403.444
2019-03-19;87,34;87,96;87,16;87,34;378.157;33.091.648
2019-03-18;87,00;87,58;86,80;87,46;338.663;29.586.162
2019-03-15;87,00;87,52;86,50;87,00;761.932;66.334.452
2019-03-14;85,94;86,98;85,76;86,86;444.210;38.497.244
2019-03-13;85,50;86,50;85,36;85,72;377.456;32.390.840
2019-03-12;85,34;85,70;84,72;85,56;316.214;26.995.300
2019-03-11;86,20;86,30;84,64;85,00;351.740;29.942.820
2019-03-08;85,90;86,84;85,64;86,12;412.850;35.638.508
2019-03-07;84,68;86,76;84,50;86,42;673.094;57.976.260
2019-03-06;84,90;85,32;84,40;84,80;572.323;48.544.728
2019-03-05;83,50;85,08;83,20;85,00;695.620;58.801.724
2019-03-04;83,40;83,76;82,52;83,50;608.391;50.699.000
2019-03-01;82,30;83,54;81,18;83,36;1.083.753;89.622.864
2019-02-28;81,12;81,68;80,60;81,56;1.452.715;118.029.968
2019-02-27;81,28;83,68;81,00;81,98;2.619.061;215.156.400
2019-02-26;90,34;91,30;90,22;90,90;440.687;40.082.356
2019-02-25;91,52;91,88;90,76;90,80;379.779;34.584.400
2019-02-22;92,52;92,52;91,18;91,42;347.221;31.803.812
2019-02-21;91,92;92,76;91,62;92,44;323.443;29.879.376
2019-02-20;91,46;91,90;91,14;91,54;543.152;49.674.604
2019-02-19;91,92;92,24;91,32;91,40;336.994;30.865.180
2019-02-18;91,68;92,38;91,62;92,12;206.911;19.053.634
2019-02-15;91,62;92,08;91,20;91,62;339.571;31.118.258
2019-02-14;91,86;92,16;91,16;91,48;394.551;36.125.944
2019-02-13;91,48;91,84;90,76;91,60;429.233;39.242.436
2019-02-12;90,00;91,12;89,96;91,12;479.547;43.536.120
2019-02-11;89,00;89,76;88,80;89,66;331.045;29.603.134
2019-02-08;88,84;89,40;88,64;88,78;405.659;36.049.952
2019-02-07;89,24;90,08;89,00;89,00;374.214;33.410.940
2019-02-06;90,26;90,46;89,70;89,76;318.556;28.645.300
2019-02-05;88,48;90,80;88,22;90,60;545.517;49.119.512
2019-02-04;87,50;88,54;87,28;88,54;447.621;39.488.744
2019-02-01;87,34;87,54;86,50;87,50;484.338;42.223.768
2019-01-31;87,30;87,42;86,32;87,30;461.328;40.162.492
2019-01-30;87,46;87,84;87,16;87,34;416.728;36.411.692
2019-01-29;85,84;87,58;85,78;87,14;465.910;40.556.624
2019-01-28;84,76;85,88;84,60;85,84;521.915;44.693.316
2019-01-25;85,20;85,52;84,82;85,20;880.510;74.938.232
2019-01-24;86,70;86,76;85,52;85,52;538.968;46.292.776
2019-01-23;87,14;87,28;86,58;86,64;459.353;39.868.768
2019-01-22;87,56;88,00;86,78;86,82;388.155;33.832.004
2019-01-21;88,00;88,62;87,50;87,96;363.679;32.003.540
2019-01-18;87,92;88,48;87,36;88,34;713.673;62.806.876
2019-01-17;88,26;88,42;87,42;88,10;697.182;61.347.092
2019-01-16;88,18;89,20;87,14;88,34;645.789;57.051.052
2019-01-15;88,76;88,76;87,34;88,18;639.679;56.221.816
2019-01-14;88,40;89,28;87,96;88,32;650.830;57.648.788
2019-01-11;90,84;91,32;90,08;90,48;357.870;32.437.302
2019-01-10;89,58;90,66;89,34;90,64;308.417;27.835.770
2019-01-09;90,70;91,24;89,54;90,26;470.538;42.509.328
2019-01-08;90,64;91,94;90,38;90,68;550.498;50.018.604
2019-01-07;92,26;92,28;90,62;91,28;269.388;24.578.582
2019-01-04;91,94;92,32;91,12;92,18;283.410;26.020.458
2019-01-03;91,30;91,64;90,36;91,36;231.211;21.085.212
2019-01-02;90,94;92,24;90,80;91,86;271.413;24.909.560
2018-12-28;91,08;91,52;90,64;91,16;171.410;15.629.867
2018-12-27;92,38;92,88;89,84;90,56;400.756;36.541.168
2018-12-21;92,88;92,94;91,30;92,74;786.151;72.576.304
2018-12-20;92,48;93,18;92,04;92,76;365.041;33.879.184
2018-12-19;92,28;93,06;91,98;93,06;438.777;40.758.660
2018-12-18;92,50;92,50;91,60;92,06;413.120;38.010.584
2018-12-17;93,52;93,52;91,84;92,48;377.177;34.910.120
2018-12-14;93,92;94,62;93,24;93,70;315.622;29.576.382
2018-12-13;94,04;95,12;93,66;94,78;344.947;32.590.698
2018-12-12;94,22;94,98;94,22;94,44;296.896;28.023.274
2018-12-11;92,84;94,26;92,50;93,90;385.821;36.057.668
2018-12-10;93,68;94,18;92,52;92,58;423.169;39.381.812
2018-12-07;92,62;95,00;92,54;94,24;405.569;38.193.268
2018-12-06;93,60;94,44;92,12;92,48;640.953;59.454.172
2018-12-05;94,30;94,80;94,10;94,42;263.941;24.893.030
2018-12-04;93,70;95,66;93,70;95,14;428.256;40.668.512
2018-12-03;95,00;95,00;93,12;93,76;466.905;43.765.600
2018-11-30;94,18;94,98;93,80;94,54;431.020;40.735.032
2018-11-29;94,16;94,66;93,14;94,00;285.481;26.833.738
2018-11-28;94,00;94,42;93,24;94,00;229.421;21.541.936
2018-11-27;93,26;94,18;93,14;93,78;435.872;40.827.932
2018-11-26;93,68;94,32;92,68;92,94;262.761;24.479.040
2018-11-23;92,72;93,54;92,22;93,46;183.732;17.093.544
2018-11-22;93,54;94,06;92,70;92,74;254.143;23.667.374
2018-11-21;93,38;93,66;92,52;93,58;320.588;29.931.670
2018-11-20;91,90;93,54;91,88;92,72;513.790;47.720.168
2018-11-19;93,58;93,58;91,84;92,02;236.508;21.871.444
2018-11-16;92,16;93,52;91,66;93,24;383.092;35.557.816
2018-11-15;92,36;93,68;91,46;91,60;446.227;41.181.912
2018-11-14;91,92;93,12;91,48;91,88;415.628;38.293.204
2018-11-13;91,32;92,22;91,26;92,22;399.336;36.703.428
2018-11-12;92,10;92,38;91,10;91,24;290.902;26.592.928
2018-11-09;90,30;92,04;90,30;91,78;451.480;41.330.320
2018-11-08;90,58;90,80;89,70;90,68;318.087;28.768.436
2018-11-07;90,98;91,84;89,78;90,28;493.101;44.628.024
2018-11-06;91,72;91,76;90,94;91,66;358.688;32.809.816
2018-11-05;91,60;92,22;91,40;91,60;401.565;36.855.240
2018-11-02;92,44;92,48;91,64;91,76;348.110;32.016.606
2018-11-01;91,28;92,20;91,28;91,66;409.099;37.535.500
2018-10-31;91,70;92,04;90,64;91,40;658.506;60.182.096
2018-10-30;91,00;91,14;88,94;90,82;1.058.040;95.627.912
2018-10-29;93,00;93,24;92,12;92,86;507.163;47.052.732
2018-10-26;93,78;93,90;92,12;92,98;527.018;48.956.564
2018-10-25;93,02;94,62;92,68;94,50;456.961;42.900.200
2018-10-24;93,34;94,78;92,92;93,50;406.729;38.236.264
2018-10-23;93,14;94,10;92,96;93,34;595.414;55.631.444
2018-10-22;93,86;94,12;93,44;93,80;415.410;38.967.304
2018-10-19;92,12;94,06;91,48;93,52;516.962;48.111.648
2018-10-18;91,80;93,18;91,10;92,38;469.220;43.369.148
2018-10-17;91,28;92,10;90,68;91,78;505.832;46.281.044
2018-10-16;89,98;91,14;89,68;90,80;367.323;33.249.976
2018-10-15;89,00;89,98;88,74;89,88;334.163;29.921.942
2018-10-12;90,00;90,16;89,08;89,62;545.670;48.890.924
2018-10-11;90,86;91,14;89,46;89,62;506.078;45.546.000
2018-10-10;93,38;93,70;91,34;91,46;398.364;36.654.684
2018-10-09;94,04;94,04;93,02;93,52;298.717;27.922.276
2018-10-08;93,70;94,38;93,52;93,76;252.799;23.736.804
2018-10-05;95,38;95,58;93,92;94,08;311.242;29.347.208
2018-10-04;96,52;96,98;94,90;95,08;401.089;38.301.568
2018-10-02;97,28;97,56;96,48;97,08;301.823;29.265.210
2018-10-01;97,14;97,88;96,98;97,76;229.836;22.439.144
2018-09-28;97,50;97,74;96,64;97,18;355.941;34.581.768
2018-09-27;97,00;97,92;96,60;97,64;254.742;24.849.030
2018-09-26;97,18;97,46;96,76;97,28;253.960;24.668.170
2018-09-25;96,92;97,50;96,46;96,90;361.763;35.039.612
2018-09-24;98,24;98,34;96,70;97,00;299.232;29.108.932
2018-09-21;97,38;98,62;96,94;98,60;629.994;61.790.264
2018-09-20;96,50;97,40;95,90;97,30;329.877;31.956.508
2018-09-19;97,32;97,48;96,44;96,60;277.752;26.881.100
2018-09-18;97,90;98,22;97,44;97,44;382.094;37.312.756
2018-09-17;97,82;98,36;97,42;98,04;209.018;20.483.428
2018-09-14;98,50;98,64;97,90;98,08;278.198;27.320.754
2018-09-13;98,78;99,08;98,22;98,42;261.844;25.801.024
2018-09-12;98,68;99,02;98,14;98,62;343.616;33.879.356
2018-09-11;98,70;98,70;97,74;98,52;301.784;29.672.632
2018-09-10;97,98;98,86;97,80;98,54;226.581;22.293.484
2018-09-07;97,26;98,34;96,76;97,96;329.057;32.193.266
2018-09-06;98,40;98,66;97,42;97,42;394.894;38.613.536
2018-09-05;99,52;99,88;98,14;98,52;404.779;39.943.252
2018-09-04;100,80;101,00;99,40;99,90;298.094;29.833.920
2018-09-03;100,25;100,70;100,00;100,50;181.969;18.277.168
2018-08-31;100,10;100,95;99,28;100,30;410.061;41.069.480
2018-08-30;101,20;102,05;100,95;101,75;240.302;24.428.088
2018-08-29;101,30;101,70;100,85;101,35;161.800;16.400.239
2018-08-28;100,70;101,50;100,60;101,10;234.475;23.708.846
2018-08-27;100,85;101,25;100,00;100,55;200.349;20.133.064
2018-08-24;100,75;100,85;99,72;100,30;261.799;26.250.816
2018-08-23;99,32;101,10;99,30;100,70;392.437;39.451.816
2018-08-22;98,84;100,15;98,84;99,30;244.263;24.286.200
2018-08-21;99,10;99,92;98,76;99,04;274.971;27.292.226
2018-08-20;98,74;99,68;98,40;99,32;298.304;29.607.852
2018-08-17;98,82;99,26;98,00;98,50;272.931;26.915.552
2018-08-16;98,42;98,78;97,70;98,64;321.197;31.587.048
2018-08-15;99,90;100,15;98,06;98,08;306.237;30.206.614
2018-08-14;98,40;100,20;98,40;99,58;364.401;36.280.636
2018-08-13;98,06;98,52;97,60;98,16;267.515;26.253.334
2018-08-10;98,12;98,62;97,22;97,76;302.976;29.634.962
2018-08-09;98,82;99,32;97,56;98,54;384.708;37.869.196
2018-08-08;100,00;100,50;98,74;98,84;545.016;54.175.308
2018-08-07;98,10;103,25;97,36;99,66;861.713;85.948.576
2018-08-06;100,90;102,00;100,30;100,40;439.687;44.357.088
2018-08-03;99,72;100,65;99,32;100,60;256.505;25.692.140
2018-08-02;98,96;99,78;98,90;99,46;324.128;32.233.318
2018-08-01;99,82;100,25;98,94;99,28;445.760;44.337.876
2018-07-31;98,78;99,94;98,60;99,60;253.243;25.172.584
2018-07-30;98,90;99,72;98,78;98,84;208.881;20.701.656
2018-07-27;99,00;99,22;97,22;99,22;436.115;42.918.248
2018-07-26;98,70;99,26;98,30;99,14;327.785;32.432.164
2018-07-25;98,56;98,84;98,20;98,46;268.433;26.448.062
2018-07-24;99,40;99,48;98,22;98,62;271.193;26.758.798
2018-07-23;99,74;100,00;98,90;99,06;188.725;18.736.586
2018-07-20;99,12;100,40;99,12;100,05;455.329;45.535.328
2018-07-19;98,78;99,62;98,20;99,38;238.637;23.666.298
2018-07-18;99,50;99,94;98,88;99,06;230.487;22.877.764
2018-07-17;99,02;99,54;98,40;99,30;286.545;28.387.680
2018-07-16;99,40;99,80;98,38;99,14;238.145;23.600.846
2018-07-13;100,60;100,60;99,36;99,50;347.806;34.690.524
2018-07-12;98,78;100,45;98,42;100,25;506.472;50.494.636
2018-07-11;96,84;99,24;96,72;98,74;467.273;46.052.196
2018-07-10;96,74;97,72;96,36;97,38;246.541;23.970.068
2018-07-09;96,86;97,26;96,18;96,78;267.482;25.901.042
2018-07-06;97,24;97,44;96,24;96,74;291.879;28.251.174
2018-07-05;97,18;97,48;96,30;97,02;378.315;36.700.968
2018-07-04;97,54;97,78;96,94;97,30;184.315;17.954.990
2018-07-03;97,84;98,26;97,36;97,46;272.722;26.635.920
2018-07-02;96,38;97,68;96,14;97,20;360.487;35.000.296
2018-06-29;96,68;97,70;96,32;97,24;438.463;42.601.744
2018-06-28;95,78;96,96;95,20;95,84;409.773;39.293.264
2018-06-27;95,26;96,48;94,78;95,84;452.891;43.310.244
2018-06-26;93,84;96,30;93,52;95,24;775.695;73.878.952
2018-06-25;93,10;94,60;93,04;93,18;567.861;53.205.204
2018-06-22;92,94;94,54;91,90;93,42;843.681;78.760.144
2018-06-21;99,58;100,30;93,24;93,90;1.474.612;140.595.040
2018-06-20;99,46;99,94;99,14;99,48;369.819;36.821.168
2018-06-19;99,70;100,05;98,48;99,30;450.462;44.758.176
2018-06-18;100,55;100,55;98,64;98,80;367.104;36.441.532
2018-06-15;99,40;100,90;99,06;100,70;781.680;78.446.120
2018-06-14;98,78;99,74;97,70;99,36;528.251;52.288.188
2018-06-13;98,38;99,34;98,14;99,22;237.478;23.505.658
2018-06-12;98,84;99,04;97,98;98,24;273.743;26.940.998
2018-06-11;98,48;99,18;97,88;98,12;259.075;25.461.694
2018-06-08;96,44;98,22;96,20;98,00;318.820;31.103.656
2018-06-07;97,50;97,74;96,60;97,16;313.924;30.498.478
2018-06-06;98,26;98,46;96,94;97,20;288.770;28.165.222
2018-06-05;98,30;99,66;98,00;98,50;369.030;36.458.676
2018-06-04;98,70;99,00;98,26;98,40;261.944;25.810.352
2018-06-01;98,46;98,98;97,90;98,04;395.533;38.891.712
2018-05-31;99,16;99,58;97,62;98,26;544.577;53.602.268
2018-05-30;99,28;99,98;98,68;99,16;310.818;30.821.246
2018-05-29;98,90;100,00;98,78;99,26;418.278;41.582.620
2018-05-28;99,38;99,70;99,18;99,24;195.469;19.424.794
2018-05-25;98,48;99,76;98,32;99,24;372.595;36.966.708
2018-05-24;98,12;99,56;98,12;98,40;339.380;33.469.496
2018-05-23;98,34;98,70;97,90;98,52;333.519;32.790.700
2018-05-22;98,28;99,06;97,52;98,64;386.708;38.047.600
2018-05-18;98,16;98,62;97,80;98,12;358.469;35.205.644
2018-05-17;97,14;98,30;97,04;98,16;276.605;27.094.410
2018-05-16;97,00;97,60;96,80;97,46;246.452;23.987.186
2018-05-15;97,00;97,66;96,56;97,20;313.602;30.468.250
2018-05-14;96,90;97,50;96,88;97,22;282.067;27.410.788
2018-05-11;97,30;97,74;96,90;97,10;381.816;37.076.596
2018-05-10;97,24;97,82;96,94;97,52;255.205;24.869.202
2018-05-09;97,00;97,38;96,22;97,34;462.884;44.958.560
2018-05-08;94,82;97,38;94,72;97,08;753.119;72.825.440
2018-05-07;94,16;95,00;94,02;94,48;351.726;33.269.182
2018-05-04;94,06;94,66;94,04;94,32;316.602;29.860.930
2018-05-03;93,82;94,26;93,30;94,10;320.608;30.127.740
2018-05-02;94,02;94,64;93,42;93,74;448.258;42.080.816
2018-04-30;94,20;94,62;93,92;93,92;397.328;37.392.656
2018-04-27;93,06;94,42;93,06;94,26;283.759;26.668.542
2018-04-26;91,80;93,04;91,30;92,90;367.984;34.002.360
2018-04-25;92,20;92,80;91,80;92,34;492.138;45.434.092
2018-04-24;91,60;93,42;91,60;92,46;502.321;46.546.716
2018-04-23;92,06;92,18;91,10;91,88;409.018;37.490.044
2018-04-20;92,58;92,72;91,98;92,38;411.826;38.031.360
2018-04-19;92,74;92,88;91,94;92,44;401.604;37.114.652
2018-04-18;93,20;93,48;92,58;93,06;279.870;26.013.400
2018-04-17;92,84;93,64;92,04;93,30;389.674;36.201.792
2018-04-16;92,96;93,12;92,28;92,64;267.813;24.826.286
2018-04-13;93,02;93,16;91,60;93,16;356.749;33.061.190
2018-04-12;92,16;92,62;91,12;92,58;326.371;30.036.790
2018-04-11;92,44;92,82;91,92;92,26;218.073;20.130.574
2018-04-10;93,14;93,56;92,34;92,76;343.550;31.870.238
2018-04-09;93,48;93,68;92,64;93,20;280.669;26.152.362
2018-04-06;93,16;93,46;92,34;92,98;362.741;33.696.128
2018-04-05;92,76;93,60;92,04;93,60;446.890;41.563.096
2018-04-04;90,64;91,74;89,76;91,70;457.108;41.690.820
2018-04-03;91,10;91,88;90,46;90,46;508.350;46.222.192
2018-03-29;90,34;92,16;90,02;92,02;592.643;54.264.144
2018-03-28;87,02;90,46;86,88;90,46;620.824;55.545.736
2018-03-27;87,50;87,50;86,60;87,38;339.624;29.614.924
2018-03-26;87,20;87,64;86,30;86,50;376.422;32.688.600
2018-03-23;86,66;87,46;86,32;86,90;520.489;45.207.672
2018-03-22;86,12;87,38;85,86;87,26;540.545;46.953.804
2018-03-21;87,22;87,60;86,62;86,92;292.149;25.409.946
2018-03-20;88,12;88,12;86,38;86,98;340.954;29.642.004
2018-03-19;87,10;88,00;86,16;87,72;496.482;43.347.116
2018-03-16;87,90;88,26;87,22;87,28;619.272;54.222.744
2018-03-15;87,74;88,00;86,76;87,46;468.065;40.897.392
2018-03-14;87,56;88,08;87,20;87,50;383.785;33.608.976
2018-03-13;89,52;89,60;87,38;87,94;389.326;34.423.652
2018-03-12;90,54;90,58;89,06;89,54;228.214;20.458.490
2018-03-09;89,02;90,50;88,54;89,78;477.792;42.809.176
2018-03-08;87,14;89,48;87,08;89,10;549.594;48.706.408
2018-03-07;87,44;87,96;87,02;87,42;423.416;37.009.728
2018-03-06;87,08;87,98;86,70;87,54;539.015;47.169.416
2018-03-05;86,10;88,12;85,56;87,74;690.928;60.240.888
2018-03-02;85,52;87,18;85,40;86,68;924.069;79.820.848
2018-03-01;87,68;88,12;85,12;86,08;1.441.509;124.826.360
2018-02-28;90,00;90,82;89,80;90,12;409.136;36.943.236
2018-02-27;93,00;93,30;90,30;90,34;512.807;46.681.300
2018-02-26;92,42;93,36;92,26;92,82;386.628;35.924.388
2018-02-23;90,58;91,88;90,12;91,88;468.376;42.782.020
2018-02-22;90,46;90,62;89,34;90,22;886.100;79.831.728
2018-02-21;91,50;91,82;90,76;90,96;360.670;32.840.104
2018-02-20;91,88;92,68;91,54;91,92;298.911;27.493.610
2018-02-19;92,76;92,84;91,66;91,94;227.673;21.000.284
2018-02-16;91,50;92,90;91,44;92,48;377.145;34.831.868
2018-02-15;92,00;92,16;90,54;91,22;575.588;52.461.056
2018-02-14;91,70;91,98;90,10;91,58;350.674;32.089.256
2018-02-13;91,82;91,86;90,92;91,04;238.154;21.722.670
2018-02-12;91,50;92,18;90,96;91,90;288.132;26.438.232
2018-02-09;91,00;92,10;90,32;90,66;527.755;48.073.252
2018-02-08;92,34;92,70;90,52;90,70;371.520;33.959.516
2018-02-07;91,78;93,22;91,34;92,90;488.261;45.155.160
2018-02-06;90,90;92,64;90,70;91,32;691.712;63.368.532
2018-02-05;94,24;94,28;93,16;93,16;360.893;33.736.332
2018-02-02;94,72;94,92;93,92;94,78;488.572;46.186.028
2018-02-01;96,00;96,14;94,76;95,02;390.262;37.164.760
2018-01-31;95,68;96,50;95,42;95,50;414.011;39.641.744
2018-01-30;94,78;96,14;94,74;95,68;495.014;47.341.380
2018-01-29;95,20;95,54;94,88;95,36;287.579;27.387.516
2018-01-26;94,88;95,80;94,76;95,32;282.002;26.901.658
2018-01-25;96,14;96,88;94,60;95,04;378.055;36.102.744
2018-01-24;97,80;97,82;96,56;96,56;310.205;30.076.492
2018-01-23;98,00;98,34;97,46;97,80;318.950;31.228.038
2018-01-22;97,70;97,98;97,22;97,46;263.525;25.703.452
2018-01-19;96,96;97,82;96,76;97,54;353.148;34.358.404
2018-01-18;97,16;97,38;96,30;97,08;300.715;29.102.282
2018-01-17;96,66;97,88;96,54;97,16;391.204;38.036.116
2018-01-16;96,96;97,32;96,42;96,68;291.876;28.269.206
2018-01-15;96,42;96,94;95,98;96,74;216.587;20.923.502
2018-01-12;97,92;97,92;95,80;96,50;404.460;39.036.796
2018-01-11;97,92;98,68;97,60;97,68;462.888;45.316.876
2018-01-10;99,74;99,74;97,44;98,02;466.041;45.786.664
2018-01-09;101,15;101,15;99,08;100,05;597.879;59.912.628
2018-01-08;100,00;100,70;98,20;100,30;813.959;81.303.272
2018-01-05;98,24;99,48;98,02;99,28;332.758;32.925.958
2018-01-04;97,16;98,16;96,80;98,06;457.445;44.699.928
2018-01-03;96,18;97,10;96,10;96,68;274.044;26.468.666
2018-01-02;97,70;97,70;95,76;96,20;385.905;37.193.256
2017-12-29;97,42;98,23;97,26;97,90;177.499;17.362.676
2017-12-28;98,50;98,51;97,36;97,62;211.913;20.733.918
2017-12-27;98,18;98,83;98,15;98,64;195.293;19.239.588
2017-12-22;98,25;99,13;98,25;98,41;226.461;22.354.832
2017-12-21;99,07;99,07;97,98;98,63;381.529;37.566.880
2017-12-20;100,60;100,60;98,50;99,00;388.894;38.723.108
2017-12-19;100,80;101,05;100,30;100,60;283.860;28.575.078
2017-12-18;100,00;101,35;99,99;101,10;358.971;36.245.500
2017-12-15;99,07;99,72;98,67;99,51;706.414;70.184.784
2017-12-14;100,00;100,20;99,52;99,60;381.697;38.079.176
2017-12-13;100,60;100,70;100,00;100,00;225.619;22.602.862
2017-12-12;100,65;100,80;100,00;100,80;325.409;32.704.558
2017-12-11;101,45;101,45;100,10;100,40;248.626;25.000.372
2017-12-08;102,00;102,00;100,55;101,05;380.280;38.400.880
2017-12-07;100,80;101,60;100,30;101,60;337.947;34.238.028
2017-12-06;100,10;100,70;99,38;100,65;350.979;35.152.716
2017-12-05;100,65;101,15;99,87;100,80;351.101;35.330.884
2017-12-04;99,90;100,60;98,78;100,30;364.160;36.357.691
2017-12-01;100,20;100,35;98,29;98,57;514.197;50.842.312
2017-11-30;99,94;100,60;98,89;99,99;985.009;98.471.472
2017-11-29;99,02;99,32;98,13;98,38;379.761;37.476.800
2017-11-28;96,99;98,93;96,80;98,46;376.325;36.965.504
2017-11-27;97,13;97,50;96,78;96,93;316.195;30.704.248
2017-11-24;98,30;98,36;96,97;97,20;215.234;20.947.456
2017-11-23;96,73;97,79;96,46;97,66;241.039;23.461.674
2017-11-22;98,09;98,58;97,13;97,36;334.234;32.647.848
2017-11-21;97,50;98,31;97,00;98,19;301.355;29.502.538
2017-11-20;95,99;97,82;95,92;97,75;391.402;38.108.200
2017-11-17;96,70;97,25;96,40;96,55;390.882;37.824.652
2017-11-16;96,67;97,09;96,37;96,85;327.266;31.675.058
2017-11-15;96,23;97,08;95,76;96,42;453.934;43.739.468
2017-11-14;97,00;97,15;96,05;96,63;388.306;37.500.428
2017-11-13;97,74;98,12;96,50;96,82;363.681;35.312.372
2017-11-10;97,88;98,09;97,34;97,41;377.651;36.834.040
2017-11-09;98,50;98,71;97,31;97,82;458.683;44.873.628
2017-11-08;97,17;98,58;97,04;98,37;510.261;50.037.280
2017-11-07;98,10;98,22;96,66;96,99;403.997;39.294.728
2017-11-06;97,85;98,24;97,41;97,60;352.850;34.484.992
2017-11-03;97,60;98,08;97,23;97,88;376.684;36.853.476
2017-11-02;98,22;98,33;96,79;97,05;442.972;43.171.608
2017-11-01;97,14;98,82;96,96;98,16;519.659;50.991.044
2017-10-30;96,51;96,85;95,69;96,30;399.691;38.508.240
2017-10-27;97,31;97,59;95,94;96,37;652.855;63.017.252
2017-10-26;94,19;96,66;93,50;96,44;1.758.107;168.007.280
2017-10-25;90,80;91,28;90,46;90,96;468.883;42.628.380
2017-10-24;91,96;92,03;91,10;91,10;384.330;35.117.364
2017-10-23;92,22;92,64;91,96;92,00;290.869;26.806.878
2017-10-20;93,42;93,45;91,87;92,02;356.377;32.926.884
2017-10-19;95,00;95,05;92,85;93,08;535.455;50.025.488
2017-10-18;93,40;94,63;93,05;94,21;345.689;32.554.344
2017-10-17;94,77;94,77;93,50;93,50;336.525;31.562.602
2017-10-16;94,05;94,43;93,68;93,99;393.678;37.034.920
2017-10-13;92,70;93,97;92,70;93,86;383.283;35.857.352
2017-10-12;91,95;92,86;91,95;92,73;266.923;24.720.330
2017-10-11;91,83;92,05;91,61;91,97;204.552;18.797.012
2017-10-10;91,28;91,86;91,13;91,55;221.200;20.252.012
2017-10-09;90,50;91,12;90,39;90,93;304.439;27.649.882
2017-10-06;91,50;91,64;90,49;90,53;262.362;23.850.122
2017-10-05;91,19;91,74;90,28;91,70;321.625;29.421.364
2017-10-04;90,90;91,35;90,82;91,26;463.409;42.229.724
2017-10-02;91,18;91,62;91,04;91,34;381.471;34.843.052
2017-09-29;90,65;91,27;90,41;91,03;409.241;37.183.764
2017-09-28;91,22;91,34;90,36;90,84;332.279;30.142.930
2017-09-27;92,35;92,35;91,08;91,09;386.832;35.322.368
2017-09-26;91,61;92,01;91,07;92,01;268.394;24.608.248
2017-09-25;90,74;91,78;90,49;91,72;250.601;22.932.248
2017-09-22;90,96;91,23;90,10;90,73;400.487;36.345.964
2017-09-21;91,87;91,87;90,25;90,42;332.347;30.142.544
2017-09-20;91,82;92,28;91,56;91,70;252.224;23.177.050
2017-09-19;92,29;92,33;91,73;92,08;193.001;17.770.570
2017-09-18;92,68;92,71;91,90;92,33;169.514;15.644.370
2017-09-15;92,53;92,59;91,92;92,21;476.265;43.900.880
2017-09-14;92,28;92,54;91,91;92,34;272.860;25.184.656
2017-09-13;91,85;92,33;91,57;92,32;250.483;23.075.806
2017-09-12;92,86;92,86;91,76;92,08;270.085;24.902.954
2017-09-11;92,09;92,69;91,74;92,69;328.040;30.323.240
2017-09-08;91,06;91,60;91,00;91,60;163.151;14.916.417
2017-09-07;91,00;91,50;90,54;91,25;292.279;26.626.900
2017-09-06;89,34;90,87;89,16;90,53;369.478;33.383.056
2017-09-05;89,88;90,71;89,51;89,85;366.208;32.966.318
2017-09-04;89,39;89,96;89,28;89,77;183.197;16.434.675
2017-09-01;89,74;90,35;89,39;89,79;254.968;22.930.790
2017-08-31;89,05;89,68;88,75;89,68;335.628;30.017.696
2017-08-30;89,13;89,13;88,48;88,68;256.083;22.741.990
2017-08-29;88,92;89,20;87,85;88,54;352.047;31.135.190
2017-08-28;88,39;88,89;87,91;88,61;145.084;12.837.885
2017-08-25;89,29;89,30;88,62;88,75;164.475;14.619.537
2017-08-24;89,30;89,76;89,19;89,19;169.070;15.108.632
2017-08-23;89,61;89,79;89,24;89,35;173.945;15.558.199
2017-08-22;88,99;89,68;88,99;89,63;216.246;19.348.856
2017-08-21;88,94;88,96;88,21;88,45;239.942;21.256.356
2017-08-18;89,00;89,34;88,65;89,23;303.988;27.072.070
2017-08-17;89,57;90,11;89,39;89,50;254.942;22.856.674
2017-08-16;90,09;90,18;89,59;89,69;175.944;15.795.898
2017-08-15;89,75;90,26;89,39;89,69;189.513;16.993.244
2017-08-14;89,21;89,69;88,90;89,51;209.317;18.718.140
2017-08-11;88,55;89,25;88,32;88,81;308.655;27.431.564
2017-08-10;89,64;89,64;88,20;88,58;383.137;33.980.580
2017-08-09;89,67;89,86;89,23;89,70;282.860;25.344.404
2017-08-08;90,38;90,46;89,54;90,22;333.464;30.020.528
2017-08-07;90,74;90,83;90,09;90,39;335.132;30.292.402
2017-08-04;90,16;90,64;89,79;90,55;446.760;40.308.484
2017-08-03;91,97;91,97;88,90;90,40;760.735;68.617.584
2017-08-02;92,89;93,24;91,81;92,04;461.501;42.561.308
2017-08-01;92,60;93,22;92,35;92,84;409.733;38.002.216
2017-07-31;91,59;93,62;91,59;92,70;620.695;57.650.752
2017-07-28;92,32;92,32;91,13;91,81;266.421;24.446.980
2017-07-27;92,31;93,31;92,00;92,89;284.981;26.479.048
2017-07-26;91,70;93,15;91,70;92,34;302.055;27.942.266
2017-07-25;91,87;92,29;91,40;91,57;224.148;20.573.378
2017-07-24;92,34;92,50;91,56;91,69;307.370;28.223.590
2017-07-21;93,20;94,07;92,05;92,15;472.101;43.860.636
2017-07-20;94,09;94,33;92,81;93,47;377.600;35.288.984
2017-07-19;93,87;93,88;93,23;93,53;290.909;27.206.542
2017-07-18;93,26;94,39;92,68;92,76;379.600;35.315.784
2017-07-17;93,50;93,66;92,86;93,25;241.658;22.537.636
2017-07-14;93,38;93,96;92,80;93,40;247.269;23.088.336
2017-07-13;92,62;93,41;92,20;93,30;374.577;34.855.340
2017-07-12;91,45;93,10;91,42;92,81;402.237;37.142.240
2017-07-11;91,77;92,06;91,18;91,44;363.228;33.238.904
2017-07-10;91,10;91,86;90,43;91,81;378.742;34.691.784
2017-07-07;91,50;91,50;90,28;90,54;328.884;29.821.200
2017-07-06;91,49;91,49;89,67;90,56;447.096;40.458.464
2017-07-05;91,44;92,00;90,86;91,60;286.648;26.246.478
2017-07-04;91,73;91,99;91,29;91,44;217.975;19.967.848
2017-07-03;92,50;92,55;91,36;91,79;248.884;22.848.946
2017-06-30;92,03;92,79;91,72;92,04;450.571;41.578.184
2017-06-29;95,34;95,45;91,99;92,02;500.007;46.383.448
2017-06-28;95,37;95,72;94,63;95,08;361.694;34.406.280
2017-06-27;97,05;97,10;95,64;95,79;308.755;29.692.730
2017-06-26;96,43;97,59;96,28;97,29;250.051;24.325.368
2017-06-23;96,42;96,57;95,62;96,01;286.010;27.455.154
2017-06-22;96,43;96,97;96,21;96,27;213.818;20.610.420
2017-06-21;97,10;97,29;96,33;96,42;269.662;26.054.220
2017-06-20;97,73;98,49;97,25;97,25;350.550;34.233.952
2017-06-19;97,38;97,75;97,19;97,51;216.462;21.102.306
2017-06-16;95,94;97,04;95,86;97,01;561.874;54.363.096
2017-06-15;96,30;96,30;95,18;95,78;339.606;32.494.002
2017-06-14;95,00;96,62;94,86;96,31;406.097;39.040.200
2017-06-13;95,59;95,66;94,55;94,78;398.860;37.811.928
2017-06-12;95,98;96,00;94,88;95,44;300.186;28.633.000
2017-06-09;95,57;96,74;95,38;96,29;314.909;30.303.982
2017-06-08;96,20;96,75;95,49;95,58;307.868;29.543.454
2017-06-07;96,10;96,96;95,68;96,36;305.066;29.415.172
2017-06-06;96,43;96,74;95,90;96,06;254.311;24.461.354
2017-06-02;96,11;96,76;95,97;96,60;269.866;26.048.092
2017-06-01;95,77;96,38;95,51;95,92;145.006;13.906.430
2017-05-31;94,56;95,84;94,56;95,60;367.710;35.109.124
2017-05-30;94,65;94,65;93,80;94,57;225.261;21.254.112
2017-05-29;94,18;94,58;93,99;94,57;90.532;8.541.862
2017-05-26;94,34;94,49;93,92;94,44;161.089;15.194.146
2017-05-25;94,25;94,70;93,65;94,31;139.726;13.171.091
2017-05-24;93,00;94,24;92,86;94,02;232.977;21.854.726
2017-05-23;93,66;94,40;93,66;94,26;188.008;17.695.752
2017-05-22;93,30;94,13;93,11;94,07;246.547;23.127.068
2017-05-19;92,17;93,23;92,17;93,06;555.029;51.572.968
2017-05-18;93,61;94,11;92,22;92,25;508.002;47.136.788
2017-05-17;93,75;94,42;93,24;93,36;296.815;27.818.896
2017-05-16;94,42;94,56;93,77;94,28;337.039;31.752.248
2017-05-15;95,11;95,15;94,25;94,45;221.566;20.942.812
2017-05-12;94,59;94,82;93,80;94,70;279.841;26.406.314
2017-05-11;94,13;94,76;93,88;94,15;272.156;25.666.980
2017-05-10;93,83;94,47;93,41;94,26;271.633;25.573.254
2017-05-09;93,40;94,18;93,33;94,18;241.328;22.662.378
2017-05-08;93,44;94,01;93,08;93,47;267.978;25.048.602
2017-05-05;92,36;93,59;92,36;93,59;312.459;29.125.244
2017-05-04;92,00;92,70;91,68;92,67;436.956;40.421.748
2017-05-03;91,74;92,20;91,53;91,65;347.054;31.832.672
2017-05-02;91,69;91,92;91,13;91,92;370.256;33.948.140
2017-04-28;91,25;91,65;91,04;91,34;381.789;34.876.996
2017-04-27;91,30;91,73;90,99;91,19;417.895;38.177.428
2017-04-26;90,22;91,35;90,15;91,07;350.147;31.843.914
2017-04-25;91,49;91,65;90,37;90,41;305.110;27.690.634
2017-04-24;90,40;91,32;90,28;91,28;318.995;29.038.522
2017-04-21;90,24;90,28;89,16;89,47;464.020;41.537.996
2017-04-20;90,33;91,36;90,13;90,77;407.966;37.077.324
2017-04-19;90,33;90,90;89,96;90,47;428.726;38.789.336
2017-04-18;91,89;92,31;90,69;90,69;345.720;31.529.420
2017-04-13;91,17;91,96;91,05;91,71;289.895;26.572.948
2017-04-12;90,46;91,39;90,31;91,17;276.516;25.201.304
2017-04-11;90,92;91,33;90,21;90,55;297.185;26.956.284
2017-04-10;90,63;90,90;89,76;90,88;263.326;23.829.148
2017-04-07;89,58;90,25;89,43;90,25;274.792;24.703.052
2017-04-06;89,10;89,92;89,10;89,83;275.111;24.681.392
2017-04-05;89,49;89,92;89,02;89,51;343.939;30.816.328
2017-04-04;89,21;89,71;89,19;89,49;269.093;24.067.120
2017-04-03;89,40;89,81;88,98;89,19;339.512;30.321.698
2017-03-31;88,28;88,82;87,89;88,73;410.433;36.313.212
2017-03-30;88,53;88,95;88,19;88,50;210.112;18.618.954
2017-03-29;88,72;88,72;87,93;88,38;326.713;28.834.870
2017-03-28;88,24;88,61;87,87;88,54;346.297;30.609.858
2017-03-27;87,39;88,09;87,12;88,09;235.928;20.725.078
2017-03-24;88,00;88,16;87,56;87,73;249.694;21.919.248
2017-03-23;87,65;88,24;86,93;88,15;232.463;20.408.562
2017-03-22;87,36;88,54;87,24;87,66;518.173;45.569.916
2017-03-21;88,25;88,25;87,42;87,88;337.986;29.666.504
2017-03-20;88,07;88,57;87,68;88,12;266.531;23.490.606
2017-03-17;87,70;88,24;87,15;88,24;427.195;37.540.992
2017-03-16;87,85;87,95;87,19;87,85;388.742;34.076.196
2017-03-15;87,54;87,62;86,77;87,33;280.310;24.445.120
2017-03-14;86,57;87,54;86,38;87,48;359.426;31.360.202
2017-03-13;86,51;87,02;86,24;86,55;254.290;22.027.940
2017-03-10;86,03;87,00;85,64;86,64;330.742;28.638.996
2017-03-09;85,46;86,82;85,26;86,58;446.414;38.563.840
2017-03-08;85,06;85,64;84,08;85,59;749.843;63.790.696
2017-03-07;86,62;86,66;85,73;86,10;386.788;33.300.114
2017-03-06;85,90;86,73;85,57;86,65;327.828;28.295.928
2017-03-03;86,33;86,56;85,79;86,31;325.952;28.093.548
2017-03-02;86,66;86,77;86,10;86,64;304.319;26.340.760
2017-03-01;86,88;87,11;86,43;86,76;412.000;35.740.108
2017-02-28;86,51;86,65;85,85;86,12;456.522;39.352.168
2017-02-27;86,52;87,30;86,27;86,58;330.625;28.652.334
2017-02-24;86,59;87,18;85,98;86,52;458.733;39.664.260
2017-02-23;86,78;87,00;86,33;86,82;396.951;34.394.972
2017-02-22;85,08;87,40;84,86;86,89;658.739;56.965.808
2017-02-21;84,08;85,04;84,04;85,04;427.239;36.211.532
2017-02-20;85,80;85,91;83,84;84,32;427.395;36.059.716
2017-02-17;83,54;85,83;83,52;85,74;727.878;62.081.204
2017-02-16;84,00;84,38;83,06;83,69;281.890;23.567.646
2017-02-15;84,07;84,11;83,12;83,98;195.857;16.395.086
2017-02-14;83,98;84,20;83,56;83,62;195.546;16.381.753
2017-02-13;83,30;84,07;83,20;84,03;191.428;16.059.392
2017-02-10;84,98;85,02;83,24;83,49;447.747;37.464.528
2017-02-09;84,78;85,25;84,42;84,80;481.054;40.798.484
2017-02-08;83,21;84,69;82,91;84,42;354.167;29.807.410
2017-02-07;82,20;83,52;82,10;83,24;329.842;27.425.512
2017-02-06;82,73;82,86;81,96;82,27;310.415;25.555.940
2017-02-03;82,48;83,12;82,42;82,76;265.930;22.008.876
2017-02-02;81,46;82,85;81,09;82,55;302.451;24.927.832
2017-02-01;82,09;82,31;81,41;81,58;282.105;23.065.284
2017-01-31;82,21;82,60;81,84;81,94;387.965;31.838.488
2017-01-30;81,74;82,49;81,70;82,31;337.746;27.761.192
2017-01-27;82,06;83,24;82,03;83,00;413.948;34.306.656
2017-01-26;82,20;82,32;81,39;82,23;349.440;28.676.868
2017-01-25;81,94;82,25;81,73;82,07;368.016;30.183.784
2017-01-24;82,05;82,05;81,32;81,68;291.506;23.808.120
2017-01-23;81,42;82,05;80,99;81,66;270.677;22.090.804
2017-01-20;81,64;82,08;81,23;81,90;430.213;35.193.524
2017-01-19;81,50;81,71;80,86;81,71;394.472;32.135.354
2017-01-18;81,32;82,24;80,97;81,40;327.983;26.701.312
2017-01-17;82,10;82,43;80,53;81,29;619.334;50.424.160
2017-01-16;80,10;81,44;80,06;81,12;318.056;25.738.668
2017-01-13;80,42;80,74;80,04;80,44;287.961;23.144.750
2017-01-12;80,11;80,54;79,92;80,35;378.633;30.396.146
2017-01-11;79,30;80,63;79,18;80,28;508.830;40.711.800
2017-01-10;80,81;81,20;80,48;80,99;251.458;20.342.906
2017-01-09;80,45;81,04;80,27;80,77;216.127;17.453.030
2017-01-06;80,31;80,84;80,31;80,54;162.129;13.063.026
2017-01-05;80,32;80,85;80,07;80,80;227.196;18.311.144
2017-01-04;81,21;81,21;80,37;80,48;244.616;19.719.684
2017-01-03;81,98;82,00;80,77;81,11;381.626;31.035.500
2017-01-02;80,70;81,96;80,61;81,87;173.115;14.143.017
2016-12-30;81,23;81,38;80,60;80,60;132.588;10.715.663
2016-12-29;80,64;81,35;80,64;81,11;97.019;7.872.193
2016-12-28;80,96;81,11;80,58;81,02;165.230;13.373.425
2016-12-27;80,97;81,28;80,93;81,15;85.478;6.934.501
2016-12-23;80,61;80,99;80,54;80,82;186.108;15.033.881
2016-12-22;80,33;80,78;80,13;80,67;154.452;12.450.615
2016-12-21;80,82;81,03;80,43;80,58;214.525;17.294.496
2016-12-20;80,60;81,06;80,35;80,84;267.744;21.645.230
2016-12-19;79,03;80,62;79,02;80,62;365.587;29.347.284
2016-12-16;79,15;79,84;79,15;79,27;643.746;51.130.172
2016-12-15;79,30;79,70;78,37;79,15;504.528;39.864.500
2016-12-14;79,12;79,72;78,55;79,54;319.118;25.321.770
2016-12-13;78,48;79,69;78,36;79,35;336.047;26.596.518
2016-12-12;78,57;78,64;77,90;78,36;268.007;20.968.256
2016-12-09;77,10;78,90;76,99;78,50;436.745;34.179.128
2016-12-08;77,01;77,47;76,49;77,13;526.258;40.526.856
2016-12-07;76,69;76,77;75,95;76,73;344.555;26.355.008
2016-12-06;75,76;76,21;75,49;76,21;307.554;23.364.514
2016-12-05;75,28;76,81;75,28;75,92;366.805;27.923.748
2016-12-02;75,32;76,03;75,11;75,55;337.986;25.530.354
2016-12-01;76,71;76,90;75,36;75,67;445.100;33.776.468
2016-11-30;76,86;78,29;76,83;77,08;356.581;27.560.912
2016-11-29;77,17;77,49;76,83;77,21;278.340;21.470.092
2016-11-28;77,48;77,49;76,87;77,27;262.762;20.285.800
2016-11-25;77,04;77,84;76,83;77,59;270.612;20.975.220
2016-11-24;76,39;76,97;76,38;76,97;186.432;14.311.655
2016-11-23;77,14;77,49;76,56;76,56;357.008;27.438.084
2016-11-22;77,62;77,80;76,88;76,98;294.327;22.699.794
2016-11-21;77,74;77,82;76,74;77,43;293.935;22.751.834
2016-11-18;77,37;77,83;77,02;77,66;361.021;27.970.332
2016-11-17;77,13;77,44;76,32;77,26;450.104;34.645.612
2016-11-16;78,00;78,10;76,80;77,04;424.533;32.785.492
2016-11-15;77,06;78,11;76,97;77,75;455.283;35.340.444
2016-11-14;77,94;77,94;76,71;76,86;437.138;33.728.144
2016-11-11;77,60;78,37;77,02;77,40;514.397;39.863.072
2016-11-10;80,14;80,28;76,88;77,27;1.106.016;85.748.664
2016-11-09;79,75;80,65;78,96;79,92;649.528;51.724.920
2016-11-08;81,17;81,65;80,85;81,03;380.063;30.822.556
2016-11-07;82,83;82,83;80,56;81,15;509.045;41.312.804
2016-11-04;82,94;83,97;81,28;81,49;654.476;53.791.356
2016-11-03;81,71;83,25;80,07;81,91;1.178.853;96.681.000
2016-11-02;79,00;79,07;78,29;78,29;433.330;34.089.924
2016-11-01;80,10;80,57;79,29;79,40;307.271;24.513.010
2016-10-31;79,99;80,33;79,78;80,20;387.449;31.024.798
2016-10-28;79,71;80,55;79,32;80,14;312.645;25.036.388
2016-10-27;80,48;81,36;80,01;80,17;357.898;28.793.208
2016-10-26;80,27;80,77;79,92;80,50;265.670;21.356.500
2016-10-25;80,63;80,92;80,25;80,30;200.584;16.152.040
2016-10-24;80,61;81,02;80,46;80,55;243.142;19.613.058
2016-10-21;81,02;81,66;80,45;80,49;411.063;33.219.930
2016-10-20;81,41;81,41;80,23;80,80;540.681;43.663.660
2016-10-19;81,39;81,40;80,82;81,08;310.956;25.223.250
2016-10-18;81,19;81,53;81,06;81,36;320.976;26.097.824
2016-10-17;81,40;81,42;80,75;80,84;280.293;22.697.374
2016-10-14;80,60;81,92;80,45;81,62;367.846;29.919.262
2016-10-13;81,09;81,45;80,75;81,30;292.405;23.722.724
2016-10-12;81,70;82,11;81,37;81,66;289.035;23.619.254
2016-10-11;81,64;83,12;81,31;81,79;330.302;27.113.632
2016-10-10;81,00;81,64;80,75;81,58;240.230;19.545.510
2016-10-07;82,28;82,32;80,73;80,77;421.800;34.230.664
2016-10-06;83,00;83,00;81,94;82,00;297.917;24.497.092
2016-10-05;84,32;84,32;82,54;82,54;310.168;25.748.090
2016-10-04;84,12;85,04;83,98;84,83;354.009;29.975.696
2016-09-30;82,50;84,12;82,05;83,95;467.426;38.909.188
2016-09-29;84,74;84,83;83,27;83,55;308.186;25.894.170
2016-09-28;84,39;84,64;83,91;84,17;211.693;17.828.314
2016-09-27;83,70;84,27;83,54;84,16;318.029;26.712.398
2016-09-26;83,80;84,13;83,48;83,60;336.801;28.209.258
2016-09-23;84,04;84,55;83,99;84,25;272.010;22.920.510
2016-09-22;83,90;84,40;83,45;84,25;388.632;32.624.894
2016-09-21;84,09;84,19;83,07;83,32;302.361;25.242.304
2016-09-20;83,47;84,20;83,33;83,46;216.731;18.147.312
2016-09-19;83,18;83,51;82,89;83,51;165.678;13.803.059
2016-09-16;82,89;83,06;82,12;82,61;383.001;31.593.308
2016-09-15;82,44;82,94;81,95;82,89;289.086;23.874.684
2016-09-14;81,94;82,79;81,74;82,41;394.206;32.502.352
2016-09-13;81,90;82,49;81,57;81,73;271.519;22.228.140
2016-09-12;81,04;82,38;80,83;81,98;255.941;20.931.202
2016-09-09;82,49;82,95;81,81;82,17;330.453;27.235.182
2016-09-08;83,97;84,47;83,14;83,52;348.322;29.162.490
2016-09-07;83,83;84,25;83,44;84,14;346.736;29.088.162
2016-09-06;83,41;83,66;82,69;83,13;279.306;23.207.766
2016-09-05;83,55;84,21;83,41;83,55;200.129;16.743.137
2016-09-02;81,50;83,59;81,41;83,41;529.544;43.920.380
2016-09-01;81,77;82,62;80,47;81,16;701.885;57.158.536
2016-08-31;83,73;83,84;83,17;83,41;226.477;18.893.298
2016-08-30;83,93;84,62;83,65;83,85;133.150;11.180.827
2016-08-29;83,68;83,91;83,08;83,81;95.233;7.967.214
2016-08-26;83,32;84,33;83,15;84,14;214.168;17.951.470
2016-08-25;83,01;83,70;82,86;83,48;145.736;12.151.476
2016-08-24;83,34;83,94;83,01;83,41;199.962;16.683.858
2016-08-23;83,49;84,39;83,29;83,42;189.006;15.815.276
2016-08-22;83,78;84,76;82,85;83,23;263.890;22.046.778
2016-08-19;84,20;84,42;83,45;84,01;267.177;22.452.118
2016-08-18;84,15;84,58;83,96;83,96;211.145;17.775.416
2016-08-17;84,59;84,59;83,76;83,80;184.849;15.517.886
2016-08-16;84,58;85,15;84,20;84,47;187.794;15.876.103
2016-08-15;84,90;85,81;84,59;84,80;190.323;16.174.928
2016-08-12;84,55;84,95;84,39;84,80;273.062;23.128.356
2016-08-11;84,43;84,80;84,18;84,60;401.739;33.979.752
2016-08-10;83,94;84,25;83,45;83,81;238.821;20.019.600
2016-08-09;82,38;84,42;82,38;84,42;301.848;25.289.566
2016-08-08;82,55;82,85;82,19;82,54;241.476;19.930.740
2016-08-05;81,98;82,90;81,32;82,71;498.834;41.113.076
2016-08-04;83,48;84,10;81,13;81,44;796.582;65.302.268
2016-08-03;84,51;85,00;83,62;85,00;433.129;36.636.292
2016-08-02;83,97;84,60;83,82;84,50;272.841;23.026.260
2016-08-01;84,33;84,70;83,78;84,20;256.237;21.597.576
2016-07-29;84,13;84,13;82,81;83,99;344.428;28.807.788
2016-07-28;83,79;84,51;83,44;84,06;238.098;20.032.042
2016-07-27;84,86;85,00;83,61;83,89;225.059;18.935.620
2016-07-26;83,91;84,79;83,83;84,35;199.686;16.844.408
2016-07-25;84,24;84,95;84,03;84,10;211.622;17.860.580
2016-07-22;83,55;84,24;83,02;84,24;162.052;13.590.259
2016-07-21;83,94;84,46;83,33;83,65;293.937;24.606.622
2016-07-20;83,52;84,24;83,12;83,66;220.340;18.444.488
2016-07-19;83,90;84,04;82,93;82,93;224.918;18.711.118
2016-07-18;84,28;84,51;83,66;84,01;186.842;15.699.629
2016-07-15;83,66;84,06;83,10;84,06;315.488;26.396.622
2016-07-14;84,64;84,74;83,56;83,72;165.651;13.915.001
2016-07-13;83,86;84,15;83,27;84,02;267.304;22.415.218
2016-07-12;84,54;84,88;83,50;83,91;431.448;36.250.692
2016-07-11;85,27;85,27;84,27;84,92;244.599;20.740.136
2016-07-08;84,23;84,58;83,21;84,49;257.975;21.705.540
2016-07-07;84,35;85,34;84,30;84,47;178.044;15.069.676
2016-07-06;84,29;85,61;83,46;84,02;319.031;26.894.302
2016-07-05;84,38;85,14;84,10;85,14;261.973;22.228.122
2016-07-04;84,62;85,49;84,56;84,63;226.642;19.230.874
2016-07-01;85,29;85,39;84,25;84,56;380.638;32.261.808
2016-06-30;84,50;84,97;83,01;84,89;598.226;50.490.584
2016-06-29;81,18;82,18;80,64;82,18;335.976;27.482.167
2016-06-28;80,47;81,14;80,06;80,57;383.106;30.873.090
2016-06-27;79,62;80,39;78,86;79,10;523.580;41.646.740
2016-06-24;75,97;81,20;75,00;80,11;673.364;53.260.988
2016-06-23;80,84;82,35;80,39;81,31;246.358;20.057.552
2016-06-22;81,06;81,30;80,41;80,64;265.769;21.463.090
2016-06-21;79,34;80,84;79,25;80,53;200.728;16.106.823
2016-06-20;79,13;80,14;78,77;79,73;232.913;18.552.502
2016-06-17;78,48;78,77;77,01;77,33;354.531;27.466.986
2016-06-16;77,03;78,40;76,60;78,11;275.112;21.419.020
2016-06-15;78,29;79,11;78,01;78,12;293.659;23.020.146
2016-06-14;78,43;78,66;77,83;78,02;270.327;21.113.850
2016-06-13;79,20;79,85;78,85;78,85;266.114;21.068.108
2016-06-10;81,71;82,05;79,99;79,99;315.193;25.352.938
2016-06-09;82,40;82,65;81,87;82,12;202.092;16.616.759
2016-06-08;83,15;83,35;82,61;83,02;235.115;19.494.598
2016-06-07;83,47;84,40;83,40;83,78;467.826;39.225.196
2016-06-06;82,44;83,44;82,26;83,27;280.862;23.328.500
2016-06-03;81,62;82,79;81,46;82,26;439.875;36.192.468
2016-06-02;81,79;82,05;81,23;81,48;287.726;23.471.128
2016-06-01;81,89;82,55;81,57;81,80;312.284;25.566.798
2016-05-31;80,84;81,96;80,71;81,68;530.498;43.285.320
2016-05-30;80,49;80,79;80,07;80,79;148.465;11.960.944
2016-05-27;79,77;80,53;79,65;80,50;329.198;26.439.048
2016-05-26;79,23;79,78;79,09;79,70;251.076;19.976.454
2016-05-25;80,20;80,20;79,16;79,41;334.707;26.633.814
2016-05-24;78,00;79,94;77,85;79,43;276.872;21.960.556
2016-05-23;79,01;79,31;77,91;78,51;199.005;15.637.304
2016-05-20;78,48;79,23;78,48;79,21;202.520;16.006.398
2016-05-19;78,67;79,09;77,47;78,03;195.592;15.300.421
2016-05-18;77,72;79,02;77,60;79,02;221.718;17.447.262
2016-05-17;79,57;79,94;77,89;78,20;282.490;22.173.272
2016-05-13;78,54;79,40;78,16;79,25;136.508;10.770.861
2016-05-12;79,00;80,33;78,66;78,98;180.250;14.305.968
2016-05-11;80,09;80,17;79,10;79,39;229.374;18.209.040
2016-05-10;79,96;81,15;79,84;80,22;306.787;24.661.446
2016-05-09;79,01;80,43;78,63;79,60;248.407;19.815.254
2016-05-06;77,66;78,65;77,46;78,23;237.459;18.544.626
2016-05-05;78,20;78,53;77,40;78,01;284.323;22.172.726
2016-05-04;79,39;81,73;78,01;78,01;663.580;52.693.940
2016-05-03;78,06;79,94;77,62;79,39;512.298;40.475.704
2016-05-02;78,30;79,26;78,30;78,73;187.183;14.744.666
2016-04-29;79,19;79,23;78,14;78,36;363.828;28.581.146
2016-04-28;78,99;79,94;78,02;79,81;322.712;25.591.346
2016-04-27;79,37;79,73;78,45;79,42;274.472;21.761.626
2016-04-26;79,80;80,50;78,75;79,13;275.966;21.876.216
2016-04-25;79,43;79,97;78,98;79,49;224.684;17.860.596
2016-04-22;80,60;80,94;79,01;79,33;267.531;21.340.576
2016-04-21;82,05;82,35;79,94;80,75;328.039;26.457.890
2016-04-20;82,13;82,55;81,30;81,95;253.959;20.770.464
2016-04-19;80,05;82,58;79,79;82,24;525.288;42.964.512
2016-04-18;78,20;79,51;78,08;79,33;183.337;14.498.280
2016-04-15;78,90;79,30;78,27;78,92;329.886;26.008.060
2016-04-14;78,11;79,27;77,55;78,81;324.972;25.578.888
2016-04-13;78,05;78,52;77,51;77,86;372.042;28.997.616
2016-04-12;77,11;77,40;75,99;77,24;279.629;21.492.462
2016-04-11;76,95;77,32;75,85;76,53;333.617;25.588.428
2016-04-08;76,52;77,15;76,17;76,88;364.007;27.958.426
2016-04-07;77,08;77,44;76,17;76,38;539.426;41.345.160
2016-04-06;77,00;77,26;75,60;77,22;499.342;38.297.180
2016-04-05;76,47;77,66;75,99;77,12;445.503;34.361.612
2016-04-04;78,15;79,08;77,93;78,22;332.113;26.062.830
2016-04-01;77,88;78,22;76,62;78,11;382.497;29.628.790
2016-03-31;80,45;80,45;79,12;79,34;365.176;29.057.176
2016-03-30;80,56;81,27;80,09;80,55;307.536;24.805.678
2016-03-29;79,93;80,37;79,43;80,04;256.819;20.531.430
2016-03-24;80,38;80,38;79,26;79,52;597.276;47.587.000
2016-03-23;81,71;82,68;81,10;81,48;424.270;34.650.328
2016-03-22;80,28;81,36;79,34;81,09;268.605;21.694.794
2016-03-21;80,76;81,78;80,42;81,17;202.101;16.387.445
2016-03-18;80,42;81,46;79,78;81,30;611.643;49.314.796
2016-03-17;80,64;80,64;79,02;80,00;294.486;23.486.496
2016-03-16;80,95;81,32;80,10;80,20;212.630;17.102.874
2016-03-15;80,98;81,32;80,60;80,79;241.560;19.545.844
2016-03-14;81,06;81,51;80,70;81,10;246.013;19.947.762
2016-03-11;79,43;80,95;78,83;80,59;323.930;26.020.694
2016-03-10;80,09;81,69;78,43;78,75;653.695;52.128.596
2016-03-09;80,08;81,22;79,55;80,40;240.616;19.393.870
2016-03-08;79,16;79,93;78,30;79,83;245.429;19.475.794
2016-03-07;80,03;80,25;79,13;79,48;159.212;12.664.271
2016-03-04;79,81;81,26;79,44;80,45;217.951;17.539.060
2016-03-03;80,89;81,40;79,23;79,53;266.581;21.250.208
2016-03-02;82,00;82,00;79,60;80,41;369.317;29.765.836
2016-03-01;80,18;82,08;79,99;81,91;340.039;27.729.098
2016-02-29;79,95;80,20;78,75;79,95;339.592;27.043.272
2016-02-26;81,33;82,10;80,29;80,43;255.958;20.716.528
2016-02-25;79,46;80,82;79,06;80,53;402.362;32.238.734
2016-02-24;80,61;81,00;78,56;78,92;358.150;28.391.746
2016-02-23;79,90;81,20;79,37;80,57;367.007;29.534.644
2016-02-22;79,86;80,66;79,76;80,10;295.251;23.676.318
2016-02-19;78,18;80,00;78,15;79,40;619.241;49.146.236
2016-02-18;79,00;79,02;77,55;78,11;761.400;59.587.512
2016-02-17;79,88;81,31;76,68;79,13;1.040.526;82.306.488
2016-02-16;81,23;82,81;80,83;81,51;478.602;39.091.600
2016-02-15;79,61;81,57;79,19;81,14;360.289;29.113.552
2016-02-12;77,65;78,43;76,65;78,39;417.556;32.484.066
2016-02-11;78,48;78,62;77,27;77,27;350.283;27.217.536
2016-02-10;79,47;80,60;78,86;79,24;359.707;28.659.296
2016-02-09;79,23;80,15;78,35;79,19;437.180;34.675.312
2016-02-08;81,23;81,46;78,76;78,96;402.663;31.909.872
2016-02-05;82,77;83,27;80,79;81,08;453.390;37.076.500
2016-02-04;85,70;85,70;82,69;82,91;404.179;33.754.804
2016-02-03;85,56;85,88;84,48;84,91;358.502;30.546.800
2016-02-02;85,12;85,63;84,57;85,56;337.463;28.796.814
2016-02-01;85,46;85,47;84,44;85,00;410.343;34.850.552
2016-01-29;83,55;85,08;83,09;85,08;375.358;31.674.740
2016-01-28;83,15;83,51;81,75;82,27;319.634;26.346.292
2016-01-27;82,83;83,61;82,13;83,61;287.833;23.895.792
2016-01-26;81,18;82,77;80,92;82,62;215.194;17.659.238
2016-01-25;81,27;82,05;81,13;82,05;212.702;17.393.462
2016-01-22;80,43;81,59;80,05;81,42;309.572;25.165.570
2016-01-21;78,31;79,88;78,24;79,39;376.189;29.778.618
2016-01-20;78,50;79,61;78,06;78,57;373.350;29.339.646
2016-01-19;80,36;80,84;79,82;80,84;345.327;27.830.984
2016-01-18;78,35;79,15;77,85;79,01;306.824;24.138.670
2016-01-15;79,13;79,92;77,78;78,46;457.611;35.989.276
2016-01-14;81,00;81,97;79,43;79,56;563.044;45.172.492
2016-01-13;81,71;82,10;80,71;81,46;469.450;38.159.172
2016-01-12;78,76;81,13;78,58;80,95;418.973;33.741.516
2016-01-11;79,22;80,18;78,45;78,58;301.700;23.865.508
2016-01-08;79,06;80,45;78,54;79,28;347.951;27.662.386
2016-01-07;79,64;80,00;78,14;79,48;500.349;39.577.040
2016-01-06;81,52;81,55;80,14;81,47;313.177;25.396.950
2016-01-05;81,97;82,36;81,25;82,00;338.045;27.651.932
2016-01-04;82,44;82,44;80,50;81,12;505.026;40.989.884
2015-12-30;85,01;85,34;84,16;84,16;128.032;10.809.496
2015-12-29;83,52;84,90;83,34;84,90;239.612;20.259.236
2015-12-28;83,37;83,38;82,52;83,04;94.665;7.861.007
2015-12-23;82,62;83,39;82,18;83,37;195.398;16.223.891
2015-12-22;81,97;82,57;80,97;82,10;279.252;22.871.860
2015-12-21;82,63;83,85;81,56;81,56;283.018;23.335.684
2015-12-18;84,44;84,60;82,17;82,68;645.963;53.623.876
2015-12-17;85,20;85,62;84,34;84,83;401.812;34.119.368
2015-12-16;84,46;84,89;83,63;83,86;250.030;21.001.282
2015-12-15;81,83;84,63;81,60;84,56;377.854;31.665.152
2015-12-14;81,90;82,82;81,05;81,35;329.884;26.946.224
2015-12-11;83,17;83,18;81,64;82,10;369.853;30.435.126
2015-12-10;82,97;83,56;82,01;83,17;236.628;19.655.870
2015-12-09;84,88;85,17;83,14;83,14;304.727;25.551.162
2015-12-08;86,38;86,66;84,20;84,63;244.057;20.790.038
2015-12-07;84,43;86,28;83,97;85,95;351.455;30.110.642
2015-12-04;84,60;84,64;83,44;83,72;506.038;42.458.996
2015-12-03;88,19;89,50;84,73;84,73;531.200;45.697.440
2015-12-02;88,05;89,08;88,05;88,53;217.887;19.303.110
2015-12-01;88,35;88,45;87,61;88,05;265.707;23.401.526
2015-11-30;88,67;89,08;87,79;88,14;420.673;37.142.896
2015-11-27;88,04;89,15;87,85;88,81;235.771;20.928.784
2015-11-26;89,41;89,54;88,67;88,70;295.862;26.242.959
2015-11-25;87,23;89,21;87,03;89,13;234.086;20.780.610
2015-11-24;88,73;88,73;86,45;87,01;270.202;23.568.444
2015-11-23;88,80;89,36;88,49;89,06;209.704;18.662.172
2015-11-20;89,17;89,31;88,67;88,75;468.481;41.645.028
2015-11-19;89,10;89,41;88,44;88,82;281.070;24.989.184
2015-11-18;88,79;88,92;87,79;88,78;287.728;25.466.364
2015-11-17;86,91;89,00;86,68;89,00;377.606;33.401.220
2015-11-16;84,99;86,38;84,85;86,34;227.058;19.511.700
2015-11-13;86,56;86,56;84,95;85,76;260.810;22.358.042
2015-11-12;87,27;87,85;86,17;86,45;228.159;19.798.402
2015-11-11;86,71;87,60;86,30;87,26;390.168;33.972.620
2015-11-10;86,70;86,99;85,20;86,40;352.933;30.383.814
2015-11-09;87,13;87,37;86,37;86,56;305.151;26.489.992
2015-11-06;88,45;89,07;87,51;87,79;410.002;36.089.692
2015-11-05;88,00;88,95;87,85;88,45;572.818;50.656.040
2015-11-04;86,50;88,00;85,29;87,60;688.392;60.013.976
2015-11-03;86,13;86,41;84,75;85,13;515.924;43.974.540
2015-11-02;85,91;87,26;85,83;86,13;400.502;34.638.968
2015-10-30;86,59;87,05;86,05;86,43;596.281;51.544.580
2015-10-29;86,20;86,88;85,58;86,88;343.677;29.715.504
2015-10-28;85,39;86,17;85,39;85,89;216.379;18.578.142
2015-10-27;85,47;85,81;85,00;85,00;329.863;28.129.198
2015-10-26;85,87;86,36;85,26;85,40;288.673;24.738.170
2015-10-23;85,00;86,35;84,69;85,86;410.571;35.173.848
2015-10-22;82,35;84,35;82,35;84,23;353.536;29.618.754
2015-10-21;81,76;82,80;81,69;82,61;311.666;25.681.688
2015-10-20;82,91;83,21;81,53;81,69;414.869;34.009.636
2015-10-19;81,74;83,26;81,74;83,07;310.600;25.727.074
2015-10-16;82,50;82,50;81,05;82,01;402.667;32.870.206
2015-10-15;81,66;82,67;81,44;82,30;328.996;27.026.622
2015-10-14;80,71;81,42;80,33;80,75;449.949;36.340.848
2015-10-13;81,73;81,92;80,40;81,04;536.413;43.441.324
2015-10-12;83,10;83,13;80,66;81,59;643.018;52.476.040
2015-10-09;82,10;82,35;81,20;82,18;373.082;30.562.780
2015-10-08;80,20;81,66;80,20;81,61;322.123;26.153.774
2015-10-07;81,75;81,75;80,43;80,48;392.176;31.672.550
2015-10-06;80,54;81,66;80,47;81,45;357.164;29.041.578
2015-10-05;79,75;80,96;79,56;80,54;501.683;40.353.724
2015-10-02;77,90;78,77;77,15;78,59;458.840;35.831.276
2015-10-01;79,83;79,97;77,61;77,65;534.849;41.961.560
2015-09-30;77,90;79,62;77,49;79,17;625.641;49.380.208
2015-09-29;76,09;76,71;75,37;76,43;526.399;40.087.964
2015-09-28;76,49;78,36;76,24;77,16;600.258;46.376.848
2015-09-25;75,12;76,89;74,97;76,65;484.648;37.008.068
2015-09-24;74,51;75,04;73,74;74,15;568.600;42.173.236
2015-09-23;73,82;75,21;73,60;74,68;600.399;44.759.716
2015-09-22;74,97;75,65;73,41;73,71;694.781;51.338.428
2015-09-21;72,68;75,09;72,68;74,68;418.709;31.123.942
2015-09-18;73,82;73,82;72,41;72,98;856.058;62.365.952
2015-09-17;74,57;74,65;73,80;74,09;347.929;25.807.972
2015-09-16;73,48;74,65;73,48;74,38;443.477;32.957.764
2015-09-15;72,38;73,08;71,95;72,97;335.042;24.358.534
2015-09-14;72,35;73,20;72,17;72,40;261.954;19.010.262
2015-09-11;72,92;72,99;72,03;72,48;311.837;22.622.514
2015-09-10;73,04;73,38;72,26;72,74;383.173;27.874.624
2015-09-09;74,57;74,76;73,47;73,70;482.322;35.703.296
2015-09-08;73,40;74,14;73,15;73,35;251.217;18.463.650
2015-09-07;72,95;73,36;72,22;72,84;215.560;15.674.421
2015-09-04;73,44;73,58;72,26;72,50;430.240;31.302.564
2015-09-03;74,30;74,86;73,96;74,38;382.685;28.497.394
2015-09-02;73,27;73,85;72,60;73,35;317.017;23.256.552
2015-09-01;72,69;72,98;71,57;72,89;485.496;35.203.800
2015-08-31;73,38;73,85;72,63;73,78;406.107;29.808.170
2015-08-28;73,76;73,90;72,68;73,89;583.308;42.865.756
2015-08-27;72,90;73,98;71,54;73,74;730.182;53.399.276
2015-08-26;71,60;72,15;70,17;71,21;666.295;47.556.824
2015-08-25;70,40;72,32;69,75;71,93;844.766;60.436.148
2015-08-24;70,99;71,96;67,92;69,25;1.115.707;78.077.224
2015-08-21;72,99;74,35;72,26;72,26;639.226;46.784.044
2015-08-20;74,99;75,20;73,80;74,20;502.591;37.421.000
2015-08-19;76,32;76,61;75,52;75,60;382.494;29.039.552
2015-08-18;77,62;77,77;76,82;76,97;365.594;28.211.076
2015-08-17;78,35;78,79;76,73;77,84;363.717;28.272.018
2015-08-14;77,80;78,59;77,41;77,98;314.352;24.526.232
2015-08-13;77,49;78,61;77,27;77,65;390.714;30.394.552
2015-08-12;79,34;79,43;76,65;76,82;626.433;48.654.260
2015-08-11;82,32;82,32;79,88;80,55;500.187;40.326.988
2015-08-10;82,17;82,49;81,37;82,37;320.988;26.372.642
2015-08-07;82,82;83,00;81,97;81,97;360.588;29.681.222
2015-08-06;82,90;83,33;82,72;83,03;306.638;25.459.514
2015-08-05;81,43;83,35;81,05;82,90;834.740;68.839.744
2015-08-04;79,94;80,15;79,30;79,98;424.489;33.894.608
2015-08-03;77,88;79,82;77,70;79,81;317.660;25.214.318
2015-07-31;77,72;77,98;77,09;77,82;371.395;28.827.780
2015-07-30;77,70;78,09;77,07;77,62;219.135;17.007.328
2015-07-29;77,34;78,00;77,02;77,45;331.706;25.685.640
2015-07-28;76,86;77,67;76,45;77,16;307.319;23.679.386
2015-07-27;77,87;78,14;76,68;76,68;323.308;24.944.922
2015-07-24;78,52;79,35;78,25;78,33;287.368;22.629.472
2015-07-23;79,29;79,42;78,06;78,70;226.412;17.818.032
2015-07-22;78,88;79,38;78,55;78,68;258.884;20.413.170
2015-07-21;80,32;80,37;78,86;79,08;278.597;22.126.608
2015-07-20;79,80;80,23;79,34;80,10;271.723;21.737.544
2015-07-17;79,50;80,02;79,25;79,44;263.842;20.974.878
2015-07-16;79,12;80,21;79,04;79,50;374.559;29.835.300
2015-07-15;78,79;79,04;78,38;78,95;290.210;22.872.060
2015-07-14;78,16;78,87;78,02;78,64;309.542;24.304.466
2015-07-13;78,23;78,40;77,46;78,09;310.554;24.209.996
2015-07-10;76,68;77,49;76,04;77,36;450.407;34.590.720
2015-07-09;74,66;75,34;74,37;75,08;611.093;45.864.260
2015-07-08;74,31;74,78;73,96;74,32;492.598;36.634.784
2015-07-07;74,88;74,94;73,75;73,87;419.478;31.107.918
2015-07-06;73,85;75,08;73,20;74,55;348.758;25.979.488
2015-07-03;75,62;75,82;74,79;75,10;288.101;21.697.166
2015-07-02;76,26;76,62;75,54;75,75;259.408;19.703.730
2015-07-01;75,84;77,26;75,15;76,38;560.757;42.826.496
2015-06-30;76,00;76,13;74,57;75,14;935.453;70.468.168
2015-06-29;76,34;77,96;75,69;76,31;549.744;42.164.476
2015-06-26;78,10;79,39;78,03;78,91;206.828;16.278.724
2015-06-25;78,24;79,59;77,98;78,63;296.331;23.321.562
2015-06-24;79,55;79,61;78,61;79,04;259.145;20.499.888
2015-06-23;79,38;79,88;78,98;79,42;349.463;27.752.196
2015-06-22;78,63;79,00;77,86;78,92;470.826;37.037.512
2015-06-19;78,49;78,90;76,78;77,12;663.669;51.671.372
2015-06-18;77,10;78,29;76,28;78,13;390.926;30.293.772
2015-06-17;78,62;78,88;76,84;77,22;324.382;25.110.702
2015-06-16;76,99;78,34;76,32;78,14;466.358;36.103.344
2015-06-15;77,07;77,88;77,07;77,40;297.539;23.069.970
2015-06-12;79,43;79,47;77,47;78,09;345.217;27.051.312
2015-06-11;78,17;80,26;78,17;79,48;374.012;29.694.432
2015-06-10;77,67;78,76;77,42;78,61;611.514;47.861.744
2015-06-09;78,70;78,84;77,36;77,85;374.098;29.133.522
2015-06-08;79,04;79,30;78,40;78,84;242.606;19.137.030
2015-06-05;80,40;80,80;79,23;79,23;414.085;32.959.248
2015-06-04;81,45;82,03;79,61;81,10;318.392;25.731.904
2015-06-03;81,03;82,12;80,28;81,55;355.215;28.899.288
2015-06-02;82,94;82,94;81,00;81,03;343.679;27.984.674
2015-06-01;82,89;83,36;82,04;82,65;253.151;20.932.862
2015-05-29;84,01;84,01;82,34;82,42;491.888;40.686.400
2015-05-28;83,77;84,28;83,34;83,68;375.948;31.525.436
2015-05-27;82,07;84,27;82,06;83,90;598.079;49.848.928
2015-05-26;83,00;83,63;81,70;81,77;516.208;42.523.512
2015-05-22;83,53;84,03;82,89;83,11;359.890;29.923.822
2015-05-21;82,71;83,13;82,45;83,08;291.808;24.194.154
2015-05-20;83,67;83,87;82,86;82,90;410.788;34.138.532
2015-05-19;82,10;83,82;82,10;83,70;342.920;28.608.004
2015-05-18;80,59;81,82;79,99;81,82;343.518;27.943.412
2015-05-15;81,50;81,86;80,15;80,61;387.546;31.400.950
2015-05-14;79,00;81,34;78,65;81,26;330.147;26.615.188
2015-05-13;80,38;80,92;79,02;79,30;351.321;28.078.176
2015-05-12;80,11;80,39;79,11;79,96;478.829;38.193.560
2015-05-11;81,09;81,89;80,48;80,77;476.609;38.536.296
2015-05-08;79,90;81,85;79,65;81,66;705.964;57.199.392
2015-05-07;76,06;80,66;75,50;79,26;1.191.934;93.745.864
2015-05-06;76,86;77,85;76,40;76,81;401.159;30.890.314
2015-05-05;78,49;79,80;76,64;76,67;615.722;47.787.248
2015-05-04;78,37;79,15;77,78;78,75;506.786;39.844.104
2015-04-30;77,49;78,73;76,75;77,96;546.212;42.510.484
2015-04-29;80,41;80,67;77,70;77,70;546.117;42.950.456
2015-04-28;81,68;81,69;79,85;80,23;490.540;39.453.532
2015-04-27;80,87;81,72;79,63;81,72;343.459;27.871.862
2015-04-24;79,63;80,47;79,46;80,25;362.117;28.966.420
2015-04-23;80,13;80,75;78,83;79,47;438.995;34.869.656
2015-04-22;81,80;81,87;80,14;80,24;419.295;33.780.232
2015-04-21;81,84;83,02;81,48;81,71;369.229;30.308.054
2015-04-20;80,82;81,52;80,80;81,37;224.638;18.263.046
2015-04-17;82,12;82,59;80,79;80,82;491.272;39.928.608
2015-04-16;82,71;82,73;81,77;82,03;272.953;22.445.186
2015-04-15;82,55;83,16;82,44;82,61;292.440;24.197.128
2015-04-14;82,76;83,15;82,07;82,29;302.853;24.981.232
2015-04-13;83,24;83,40;82,63;82,84;335.102;27.800.424
2015-04-10;81,70;83,52;81,50;83,35;561.163;46.523.708
2015-04-09;81,62;82,57;81,62;82,16;286.018;23.491.414
2015-04-08;82,63;82,76;81,40;81,57;436.386;35.687.344
2015-04-07;82,00;82,80;81,53;82,62;331.707;27.319.620
2015-04-02;80,86;81,70;80,84;81,37;345.204;28.081.826
2015-04-01;80,11;81,02;79,60;80,78;546.454;44.058.258
2015-03-31;81,81;82,37;80,69;80,90;645.238;52.360.560
2015-03-30;81,65;82,34;81,36;82,12;353.808;28.964.784
2015-03-27;81,00;81,50;80,43;81,14;345.200;27.977.550
2015-03-26;80,05;80,38;79,19;80,34;415.673;33.205.762
2015-03-25;81,51;81,78;80,67;80,73;391.650;31.776.840
2015-03-24;81,75;83,10;81,46;82,01;364.336;29.974.432
2015-03-23;82,08;82,09;81,16;81,81;374.852;30.593.170
2015-03-20;82,03;82,67;81,56;82,42;738.309;60.699.176
2015-03-19;81,99;83,25;81,31;81,90;504.618;41.427.588
2015-03-18;82,14;82,82;81,39;81,95;509.625;41.825.428
2015-03-17;82,92;83,20;81,40;81,93;508.679;41.771.068
2015-03-16;80,98;83,24;80,98;82,67;608.140;50.037.860
2015-03-13;80,31;80,76;79,70;80,64;305.285;24.500.300
2015-03-12;80,02;80,52;79,63;79,92;453.673;36.319.108
2015-03-11;79,06;80,24;78,73;79,99;421.782;33.660.376
2015-03-10;78,67;79,30;78,01;78,63;346.261;27.238.992
2015-03-09;79,00;79,53;78,27;78,84;320.551;25.285.622
2015-03-06;78,47;79,56;78,47;79,12;422.907;33.495.594
2015-03-05;78,68;79,06;78,33;78,57;414.232;32.576.128
2015-03-04;77,80;78,56;77,18;78,56;478.850;37.302.812
2015-03-03;77,61;78,41;77,42;77,46;422.821;32.904.336
2015-03-02;77,96;78,00;77,28;77,59;390.791;30.347.740
2015-02-27;76,76;77,88;76,62;77,63;636.549;49.288.444
2015-02-26;75,55;76,88;75,39;76,88;408.436;31.160.092
2015-02-25;75,90;76,03;75,27;75,43;296.041;22.371.392
2015-02-24;75,30;76,08;75,21;75,92;363.557;27.530.744
2015-02-23;74,85;75,34;74,22;75,34;490.457;36.759.516
2015-02-20;74,45;74,56;73,59;74,41;804.071;59.661.408
2015-02-19;74,43;74,76;73,85;74,68;576.933;42.932.572
2015-02-18;74,30;74,70;73,97;74,59;392.621;29.223.368
2015-02-17;74,53;74,98;74,06;74,41;470.696;35.045.628
2015-02-16;75,32;75,95;74,47;74,53;548.623;41.214.908
2015-02-13;77,25;79,22;73,94;75,25;1.296.468;98.981.688
2015-02-12;76,72;77,469;76,27;77,08;382.801;29.477.220
2015-02-11;76,88;77,12;76,43;76,48;226.379;17.350.240
2015-02-10;76,33;77,03;75,70;76,56;315.397;24.128.334
2015-02-09;76,94;77,13;76,10;76,33;422.271;32.297.220
2015-02-06;77,43;77,50;76,94;77,26;223.036;17.233.418
2015-02-05;77,17;78,10;77,17;77,55;419.048;32.489.924
2015-02-04;77,00;77,50;76,22;77,50;451.731;34.783.196
2015-02-03;78,67;78,89;76,99;76,99;577.285;44.803.624
2015-02-02;77,67;78,72;77,56;78,28;479.249;37.451.500
2015-01-30;79,11;79,18;77,46;77,80;579.260;45.125.888
2015-01-29;77,30;78,46;77,30;78,46;505.371;39.444.120
2015-01-28;78,08;78,35;76,96;77,71;529.296;41.011.268
2015-01-27;78,69;79,22;77,47;77,72;529.723;41.376.076
2015-01-26;78,33;79,16;77,88;78,69;605.003;47.504.892
2015-01-23;76,60;78,38;76,47;78,33;865.115;66.940.080
2015-01-22;75,66;76,54;75,05;76,51;744.434;56.512.600
2015-01-21;75,20;75,90;75,00;75,59;485.491;36.598.792
2015-01-20;75,68;75,72;74,47;75,13;420.351;31.527.960
2015-01-19;75,07;75,66;74,86;75,29;427.570;32.204.558
2015-01-16;73,95;75,29;73,70;75,07;881.133;65.680.552
2015-01-15;72,50;74,67;72,15;73,95;1.522.937;111.970.880
2015-01-14;69,44;70,39;69,07;70,03;544.178;38.053.396
2015-01-13;69,84;70,49;69,70;70,05;520.322;36.457.608
2015-01-12;68,25;69,92;68,13;69,88;533.956;37.045.336
2015-01-09;68,89;69,31;67,80;68,14;527.892;36.166.820
2015-01-08;67,49;68,99;67,20;68,93;417.881;28.583.730
2015-01-07;66,60;67,34;66,03;66,84;368.094;24.598.172
2015-01-06;66,06;67,05;65,69;66,23;497.765;33.059.652
2015-01-05;66,72;67,55;65,91;66,01;432.741;28.752.114
2015-01-02;67,55;67,64;66,51;67,09;283.806;19.043.484
2014-12-30;68,09;68,13;67,42;67,42;137.142;9.274.856
2014-12-29;67,54;68,28;67,49;68,25;206.328;14.022.679
2014-12-23;68,11;68,21;67,50;67,82;210.811;14.290.072
2014-12-22;68,11;68,43;67,86;67,92;291.685;19.849.240
2014-12-19;67,41;68,27;67,24;67,99;701.769;47.593.672
2014-12-18;67,40;67,40;65,49;67,25;492.422;32.998.426
2014-12-17;66,07;66,96;65,50;66,58;486.916;32.370.214
2014-12-16;66,01;66,55;65,30;66,45;588.467;38.805.112
2014-12-15;67,66;68,04;65,97;66,01;455.523;30.445.912
2014-12-12;68,54;68,64;67,57;67,57;581.708;39.594.884
2014-12-11;69,74;70,22;68,99;68,99;640.203;44.370.644
2014-12-10;70,52;71,17;70,05;70,06;424.072;29.827.880
2014-12-09;70,96;71,44;70,04;70,15;493.294;34.792.508
2014-12-08;71,37;71,59;70,97;71,26;330.777;23.588.002
2014-12-05;70,80;71,40;70,47;71,40;328.121;23.313.626
2014-12-04;71,04;71,45;70,14;70,24;653.689;46.230.768
2014-12-03;70,39;71,44;69,72;71,20;661.813;46.805.616
2014-12-02;71,88;71,88;71,16;71,50;344.284;24.628.680
2014-12-01;71,45;71,91;71,37;71,56;276.774;19.815.848
2014-11-28;71,31;71,58;70,72;71,58;440.349;31.418.916
2014-11-27;70,65;71,29;70,52;71,20;285.694;20.299.282
2014-11-26;70,35;70,78;70,10;70,48;283.833;19.994.260
2014-11-25;70,34;70,89;70,19;70,33;422.618;29.785.570
2014-11-24;70,30;70,56;69,77;70,46;404.483;28.465.534
2014-11-21;69,49;70,63;69,48;70,59;745.025;52.358.276
2014-11-20;68,73;69,59;68,65;69,51;544.089;37.630.616
2014-11-19;68,77;68,81;68,10;68,74;463.747;31.762.092
2014-11-18;67,91;68,86;67,91;68,75;542.267;37.216.368
2014-11-17;67,48;68,18;67,41;67,93;563.225;38.236.728
2014-11-14;68,00;68,13;67,54;67,77;404.903;27.459.280
2014-11-13;67,69;68,19;67,59;67,85;490.544;33.296.558
2014-11-12;67,48;67,86;67,33;67,38;543.396;36.715.360
2014-11-11;67,54;67,79;67,10;67,50;661.874;44.598.948
2014-11-10;67,03;67,71;67,03;67,54;391.010;26.391.134
2014-11-07;67,90;68,27;66,82;67,17;768.299;51.839.344
2014-11-06;66,25;68,62;66,07;68,23;2.358.384;159.854.848
2014-11-05;63,61;64,44;63,14;64,16;635.914;40.633.704
2014-11-04;62,10;64,08;62,01;63,10;1.063.461;67.190.392
2014-11-03;64,34;64,75;63,82;63,82;461.693;29.569.690
2014-10-31;64,92;64,99;64,28;64,56;528.417;34.122.096
2014-10-30;64,07;64,07;63,02;63,99;431.730;27.442.282
2014-10-29;63,88;64,18;63,72;63,91;480.823;30.737.774
2014-10-28;63,10;63,47;62,99;63,38;315.806;19.977.188
2014-10-27;63,24;63,34;62,32;62,69;405.648;25.443.554
2014-10-24;63,27;63,35;62,57;62,72;451.168;28.363.468
2014-10-23;63,00;63,66;61,96;63,52;501.519;31.710.778
2014-10-22;62,68;63,51;62,57;63,41;480.057;30.322.190
2014-10-21;61,90;62,82;61,67;62,74;525.818;32.857.362
2014-10-20;62,70;63,06;61,99;62,25;425.864;26.572.300
2014-10-17;61,87;62,62;61,57;62,52;794.927;49.477.116
2014-10-16;62,28;62,36;60,78;61,59;1.104.321;67.875.904
2014-10-15;62,33;62,90;61,88;61,93;920.117;57.301.300
2014-10-14;62,99;62,99;61,92;62,33;1.199.544;74.733.544
2014-10-13;63,61;63,80;63,10;63,22;566.079;35.888.512
2014-10-10;64,07;64,50;63,15;64,09;947.064;60.573.604
2014-10-09;65,29;65,67;64,50;64,61;495.600;32.179.760
2014-10-08;64,50;64,83;64,10;64,70;584.606;37.753.540
2014-10-07;64,94;65,05;64,50;64,54;445.608;28.790.748
2014-10-06;65,75;66,37;65,00;65,10;408.529;26.753.334
2014-10-02;65,45;65,67;64,96;64,96;539.940;35.187.928
2014-10-01;65,99;66,11;65,20;65,59;438.284;28.759.340
2014-09-30;66,42;66,42;65,79;66,14;354.567;23.430.882
2014-09-29;66,41;66,48;65,40;66,23;404.782;26.671.616
2014-09-26;66,41;66,57;65,86;66,42;346.433;22.965.660
2014-09-25;66,78;67,56;66,23;66,42;678.305;45.320.852
2014-09-24;65,79;66,71;65,46;66,69;432.040;28.648.110
2014-09-23;66,24;66,46;65,69;65,86;342.399;22.573.918
2014-09-22;66,45;66,74;66,03;66,27;356.925;23.679.708
2014-09-19;66,39;67,32;66,28;66,69;981.780;65.656.432
2014-09-18;66,62;66,74;65,10;66,02;794.811;52.262.364
2014-09-17;67,12;67,28;66,57;66,65;360.879;24.105.286
2014-09-16;66,52;67,01;66,50;66,90;378.396;25.299.524
2014-09-15;66,34;67,00;66,30;66,68;262.045;17.472.598
2014-09-12;67,04;67,08;66,41;66,67;291.610;19.469.468
2014-09-11;67,17;67,34;66,28;66,64;373.039;24.890.772
2014-09-10;67,10;67,43;66,68;66,92;509.771;34.151.352
2014-09-09;68,25;68,32;67,24;67,50;750.966;50.772.376
2014-09-08;69,00;69,04;68,43;68,81;214.049;14.704.554
2014-09-05;69,60;70,02;68,72;69,02;502.734;34.796.400
2014-09-04;68,46;69,66;67,96;69,60;615.448;42.449.912
2014-09-03;68,54;69,54;68,07;68,57;565.795;38.903.700
2014-09-02;67,22;68,10;67,08;67,21;361.248;24.359.736
2014-09-01;66,97;67,40;66,88;67,05;198.164;13.295.765
2014-08-29;67,67;67,94;66,59;66,99;379.330;25.447.432
2014-08-28;67,57;67,63;66,94;67,30;314.571;21.165.102
2014-08-27;67,44;67,81;67,33;67,63;260.149;17.581.386
2014-08-26;67,17;67,84;66,83;67,61;281.407;18.970.838
2014-08-25;66,99;67,34;66,88;67,17;222.179;14.915.402
2014-08-22;66,61;66,69;66,07;66,39;362.730;24.072.290
2014-08-21;66,85;67,36;66,68;66,77;333.464;22.306.776
2014-08-20;66,92;67,19;66,32;66,65;263.852;17.602.574
2014-08-19;66,94;67,12;66,74;67,10;279.826;18.745.288
2014-08-18;66,07;66,79;66,07;66,56;389.465;25.878.588
2014-08-15;66,59;67,02;65,47;65,51;559.251;37.033.580
2014-08-14;65,73;66,76;65,44;66,57;363.047;24.025.452
2014-08-13;65,77;66,24;65,15;66,02;517.886;34.093.520
2014-08-12;65,82;65,89;64,94;65,42;741.497;48.500.232
2014-08-11;65,00;66,30;64,67;66,01;648.679;42.658.704
2014-08-08;65,51;65,80;64,41;64,50;933.410;60.445.184
2014-08-07;65,00;66,60;63,68;65,97;2.226.004;144.468.048
2014-08-06;66,80;67,27;66,29;67,18;494.622;33.090.284
2014-08-05;66,36;67,19;66,29;66,98;396.171;26.511.866
2014-08-04;66,87;67,17;66,15;66,38;472.495;31.475.432
2014-08-01;67,30;68,25;66,78;66,89;544.585;36.557.908
2014-07-31;68,53;68,53;67,08;67,54;545.782;36.880.468
2014-07-30;68,54;68,97;68,24;68,40;409.184;28.056.656
2014-07-29;68,40;68,86;68,14;68,36;372.174;25.488.670
2014-07-28;68,00;68,77;67,91;68,46;554.221;37.903.936
2014-07-25;67,95;68,97;67,60;67,82;777.068;53.099.196
2014-07-24;67,83;68,41;67,43;67,95;387.694;26.337.008
2014-07-23;67,25;68,22;67,12;67,87;443.056;30.063.188
2014-07-22;67,97;67,99;66,95;67,41;556.207;37.454.224
2014-07-21;67,85;67,85;67,38;67,64;375.323;25.375.892
2014-07-18;68,17;68,17;67,52;67,93;768.280;52.213.872
2014-07-17;69,44;69,49;68,61;68,74;322.327;22.224.366
2014-07-16;69,83;70,04;69,19;69,25;401.013;27.867.414
2014-07-15;69,60;69,71;68,59;68,68;340.191;23.451.434
2014-07-14;69,10;69,83;68,76;69,69;272.564;18.940.952
2014-07-11;69,14;69,45;68,70;68,86;294.339;20.277.608
2014-07-10;69,72;69,798;69,02;69,05;305.219;21.120.374
2014-07-09;69,58;70,02;69,11;69,67;332.537;23.146.018
2014-07-08;70,80;70,80;69,51;69,51;428.950;29.942.028
2014-07-07;71,15;71,15;70,45;70,49;284.534;20.123.136
2014-07-04;72,03;72,03;70,57;71,05;399.278;28.326.264
2014-07-03;70,83;71,80;70,72;71,80;352.645;25.156.908
2014-07-02;70,57;70,91;70,49;70,66;278.405;19.678.228
2014-07-01;70,94;70,94;70,23;70,51;294.246;20.736.304
2014-06-30;70,25;70,85;70,08;70,67;337.697;23.805.254
2014-06-27;70,12;70,55;69,88;70,37;327.975;23.075.902
2014-06-26;71,50;71,50;70,14;70,18;463.675;32.725.990
2014-06-25;71,85;72,09;71,26;71,32;419.027;29.948.700
2014-06-24;71,56;72,20;71,47;72,17;268.102;19.314.732
2014-06-23;71,98;72,26;71,34;71,68;257.472;18.487.376
2014-06-20;71,70;72,34;71,60;72,01;687.276;49.554.272
2014-06-19;72,27;72,47;71,81;71,81;285.645;20.572.290
2014-06-18;72,48;72,70;71,75;71,82;338.816;24.405.688
2014-06-17;71,84;72,68;71,81;72,51;312.808;22.646.404
2014-06-16;72,94;73,12;72,04;72,04;342.408;24.805.390
2014-06-13;73,40;73,51;72,56;72,95;269.739;19.648.430
2014-06-12;73,34;73,62;73,21;73,34;221.117;16.225.483
2014-06-11;73,47;73,95;73,32;73,38;210.436;15.460.654
2014-06-10;73,10;73,56;72,86;73,47;205.152;15.047.103
2014-06-09;72,78;73,28;72,51;73,17;166.619;12.184.682
2014-06-06;73,53;73,57;72,40;72,73;407.784;29.640.544
2014-06-05;73,79;74,28;73,04;73,20;422.675;31.078.742
2014-06-04;73,85;74,35;73,56;73,95;200.797;14.845.755
2014-06-03;73,96;74,04;73,56;73,73;247.966;18.291.648
2014-06-02;74,33;74,44;73,58;74,00;257.993;19.097.530
2014-05-30;74,40;74,54;73,96;74,08;305.493;22.653.710
2014-05-29;73,75;74,42;73,69;74,25;248.553;18.429.396
2014-05-28;74,18;74,20;73,56;73,79;327.944;24.211.152
2014-05-27;73,55;73,98;73,40;73,92;314.964;23.246.928
2014-05-26;73,05;73,65;73,05;73,58;236.628;17.394.172
2014-05-23;73,40;73,58;72,49;72,85;507.460;36.948.500
2014-05-22;73,79;73,95;73,34;73,46;256.540;18.875.084
2014-05-21;73,49;74,03;73,26;73,73;263.592;19.425.774
2014-05-20;73,84;74,15;73,33;73,70;324.652;23.897.540
2014-05-19;73,76;74,18;73,59;73,82;422.952;31.246.558
2014-05-16;73,96;74,06;73,48;73,88;407.188;30.053.566
2014-05-15;73,78;74,23;73,62;73,91;574.978;42.492.648
2014-05-14;73,54;73,80;73,28;73,60;374.052;27.505.132
2014-05-13;73,88;73,94;73,33;73,40;366.516;26.961.460
2014-05-12;72,50;73,63;72,45;73,63;331.483;24.305.922
2014-05-09;72,53;72,98;72,30;72,43;449.873;32.640.034
2014-05-08;72,50;72,91;71,51;72,65;606.882;43.910.704
2014-05-07;71,79;72,70;71,75;72,64;331.521;24.009.368
2014-05-06;72,46;72,50;71,83;72,29;415.831;30.029.634
2014-05-05;71,70;72,10;71,17;71,95;196.239;14.074.854
2014-05-02;72,35;72,80;71,84;71,84;480.413;34.668.704
2014-04-30;71,16;72,26;71,16;72,26;493.816;35.591.756
2014-04-29;71,16;71,46;70,85;71,44;345.872;24.657.932
2014-04-28;71,04;71,43;70,86;70,86;373.224;26.496.392
2014-04-25;70,64;71,54;70,64;70,86;319.903;22.718.298
2014-04-24;71,54;71,57;70,57;71,15;414.886;29.509.376
2014-04-23;71,37;71,53;70,79;71,32;409.748;29.155.898
2014-04-22;70,50;71,51;70,26;71,51;344.905;24.559.552
2014-04-17;70,62;70,97;69,89;70,88;577.556;40.808.756
2014-04-16;70,52;70,85;69,72;70,78;455.358;32.119.376
2014-04-15;70,10;70,86;69,98;70,15;618.931;43.580.952
2014-04-14;69,40;70,44;69,34;70,15;452.763;31.734.420
2014-04-11;69,90;70,01;69,32;69,66;401.552;27.985.588
2014-04-10;70,73;71,26;70,13;70,48;412.970;29.165.932
2014-04-09;69,34;70,47;69,20;70,32;535.254;37.507.736
2014-04-08;70,32;70,32;68,88;69,09;664.784;46.052.180
2014-04-07;70,25;70,74;70,00;70,32;393.127;27.673.500
2014-04-04;71,27;71,27;70,75;70,99;349.682;24.826.910
2014-04-03;71,02;71,63;70,96;71,03;393.932;28.069.412
2014-04-02;71,23;71,23;70,36;71,09;327.495;23.213.282
2014-04-01;71,40;71,64;70,89;71,15;486.304;34.610.072
2014-03-31;71,61;71,76;70,79;70,80;356.250;25.297.932
2014-03-28;70,60;71,44;70,44;71,34;527.746;37.561.884
2014-03-27;69,99;70,48;69,68;70,27;242.622;17.009.652
2014-03-26;69,74;70,29;69,65;70,05;415.422;29.081.364
2014-03-25;69,17;69,78;68,99;69,41;349.942;24.295.634
2014-03-24;69,61;69,68;68,85;68,93;264.045;18.247.028
2014-03-21;69,63;70,15;69,24;69,51;861.724;60.108.076
2014-03-20;69,70;69,90;68,88;69,65;369.660;25.638.760
2014-03-19;70,20;70,29;69,71;70,11;462.236;32.362.174
2014-03-18;69,26;70,33;68,84;70,17;746.034;52.035.236
2014-03-17;68,72;69,50;67,87;69,34;595.539;41.150.784
2014-03-14;68,00;68,88;67,87;68,75;751.416;51.467.052
2014-03-13;68,87;69,00;67,91;67,99;612.119;41.856.164
2014-03-12;69,35;69,46;68,63;69,02;504.555;34.829.380
2014-03-11;70,30;70,43;69,04;69,67;694.388;48.308.520
2014-03-10;70,39;70,44;69,89;70,23;412.829;28.965.122
2014-03-07;71,60;71,62;70,53;70,60;561.230;39.770.816
2014-03-06;71,60;71,72;70,93;71,59;613.610;43.792.716
2014-03-05;73,37;73,49;71,40;71,42;861.184;61.836.304
2014-03-04;71,36;73,99;70,34;73,52;976.008;71.151.080
2014-03-03;72,85;73,07;72,07;72,09;843.177;61.154.080
2014-02-28;73,90;74,66;73,43;74,03;489.976;36.239.200
2014-02-27;74,69;74,96;73,57;74,00;426.710;31.577.316
2014-02-26;74,89;74,91;74,20;74,60;448.598;33.469.618
2014-02-25;74,02;75,09;73,74;74,63;726.373;54.119.756
2014-02-24;72,98;73,70;72,78;73,58;480.980;35.274.456
2014-02-21;73,72;73,88;72,81;72,90;554.312;40.482.124
2014-02-20;72,11;73,49;72,10;73,46;581.515;42.495.504
2014-02-19;74,18;74,41;73,66;74,01;299.560;22.173.768
2014-02-18;74,20;74,53;73,98;74,10;291.662;21.649.534
2014-02-17;74,33;74,48;74,01;74,15;181.036;13.431.142
2014-02-14;73,70;74,37;73,58;74,24;281.275;20.817.064
2014-02-13;73,71;74,00;73,12;73,79;414.106;30.491.758
2014-02-12;75,00;75,58;73,88;73,90;619.541;46.214.240
2014-02-11;74,22;74,85;73,67;74,81;583.172;43.434.048
2014-02-10;73,50;74,36;73,42;73,72;260.176;19.203.646
2014-02-07;73,84;73,89;72,81;73,33;496.356;36.350.684
2014-02-06;73,12;74,10;72,92;73,83;485.364;35.726.476
2014-02-05;72,54;73,32;72,45;72,96;361.433;26.351.046
2014-02-04;73,10;73,45;72,30;72,65;488.463;35.545.124
2014-02-03;73,53;74,40;73,47;73,73;433.280;32.012.628
2014-01-31;73,39;73,74;72,19;73,44;516.324;37.670.680
2014-01-30;73,35;73,67;72,75;73,19;396.333;28.978.716
2014-01-29;75,01;75,48;73,10;73,70;737.377;54.549.960
2014-01-28;75,13;75,37;74,47;74,56;471.776;35.298.168
2014-01-27;75,68;75,83;74,56;74,86;444.096;33.298.124
2014-01-24;77,02;77,16;75,18;75,49;496.647;37.632.176
2014-01-23;76,64;77,28;76,36;76,93;513.606;39.470.368
2014-01-22;77,05;77,30;76,39;76,88;381.866;29.302.888
2014-01-21;75,95;77,07;75,91;76,86;581.373;44.522.680
2014-01-20;76,79;77,19;75,79;75,92;420.202;31.960.548
2014-01-17;76,66;77,33;76,61;76,81;718.149;55.286.540
2014-01-16;76,25;77,05;75,81;76,65;833.498;63.717.320
2014-01-15;74,10;75,50;73,90;75,35;766.645;57.542.612
2014-01-14;73,22;74,15;72,81;74,10;453.030;33.417.362
2014-01-13;73,32;73,68;72,09;73,53;664.091;48.560.696
2014-01-10;73,36;73,46;72,85;73,23;383.760;28.094.420
2014-01-09;73,17;73,48;72,71;72,88;432.721;31.612.946
2014-01-08;73,19;73,19;72,44;72,77;364.299;26.482.056
2014-01-07;73,35;73,46;72,77;73,40;277.241;20.306.822
2014-01-06;73,32;73,53;73,02;73,20;256.123;18.770.364
2014-01-03;73,06;73,60;72,95;73,50;229.463;16.824.448
2014-01-02;74,21;74,26;73,05;73,12;407.311;29.926.656
2013-12-30;73,51;73,78;73,31;73,64;145.529;10.703.382
2013-12-27;73,30;73,79;73,24;73,61;184.415;13.565.630
2013-12-23;73,54;73,60;72,98;73,11;185.299;13.576.128
2013-12-20;73,45;73,78;73,01;73,04;571.016;41.857.480
2013-12-19;73,00;73,59;72,88;73,50;358.106;26.283.624
2013-12-18;71,77;72,83;71,77;72,63;374.096;27.162.314
2013-12-17;72,72;72,74;71,68;71,68;298.974;21.531.470
2013-12-16;71,98;72,93;71,88;72,76;311.293;22.578.256
2013-12-13;72,54;72,54;71,94;72,15;270.270;19.512.948
2013-12-12;73,20;73,72;72,32;72,49;292.907;21.289.062
2013-12-11;73,56;73,75;73,13;73,23;252.223;18.509.824
2013-12-10;74,03;74,47;73,40;73,53;294.036;21.703.220
2013-12-09;74,04;74,39;73,42;74,39;285.495;21.156.210
2013-12-06;73,74;74,21;73,54;73,88;319.598;23.608.146
2013-12-05;73,34;73,60;73,05;73,38;340.525;24.977.204
2013-12-04;73,52;73,95;72,92;73,31;451.591;33.150.696
2013-12-03;74,89;75,16;73,26;73,34;545.647;40.303.588
2013-12-02;74,76;75,25;74,46;75,25;279.979;20.994.176
2013-11-29;74,66;74,78;74,33;74,73;258.086;19.261.158
2013-11-28;73,86;74,62;73,59;74,56;236.703;17.585.288
2013-11-27;74,12;74,23;73,71;73,73;227.293;16.788.116
2013-11-26;74,28;74,65;73,77;74,11;468.548;34.754.116
2013-11-25;73,79;74,35;73,60;74,12;228.019;16.889.706
2013-11-22;74,33;74,45;73,54;73,65;270.342;19.969.118
2013-11-21;73,87;74,46;73,49;73,99;222.680;16.489.547
2013-11-20;73,66;74,64;73,65;74,21;415.290;30.802.260
2013-11-19;73,72;73,98;73,21;73,85;170.721;12.589.574
2013-11-18;73,89;74,28;73,15;73,85;216.891;16.010.902
2013-11-15;73,71;74,34;73,48;73,93;378.466;28.032.440
2013-11-14;74,37;74,65;73,60;73,68;428.667;31.735.778
2013-11-13;73,50;73,59;72,48;72,84;342.592;24.950.866
2013-11-12;73,29;73,75;72,91;73,63;219.207;16.118.140
2013-11-11;73,19;73,95;73,08;73,45;307.085;22.572.188
2013-11-08;73,26;73,49;72,60;73,06;360.781;26.312.078
2013-11-07;74,55;74,55;73,24;73,36;579.463;42.830.564
2013-11-06;74,90;74,91;73,03;74,02;652.057;48.177.824
2013-11-05;72,50;73,69;72,00;73,44;1.489.825;108.684.632
2013-11-04;70,25;71,55;69,73;69,74;415.769;29.192.532
2013-11-01;70,41;70,59;70,04;70,16;266.751;18.736.258
2013-10-31;70,07;70,87;69,93;70,31;508.361;35.807.392
2013-10-30;70,03;70,58;69,99;70,43;301.318;21.195.664
2013-10-29;70,03;70,26;69,71;70,12;276.256;19.347.010
2013-10-28;69,60;70,07;69,55;69,92;158.620;11.080.022
2013-10-25;69,33;69,74;69,14;69,52;251.374;17.467.774
2013-10-24;69,83;70,20;69,45;69,54;226.263;15.779.381
2013-10-23;69,59;70,38;69,58;69,79;235.471;16.467.099
2013-10-22;69,48;70,63;69,46;70,03;348.414;24.389.434
2013-10-21;69,51;69,75;69,09;69,60;245.156;17.042.972
2013-10-18;69,25;69,94;69,25;69,61;967.242;67.507.752
2013-10-17;68,46;69,30;68,43;68,79;278.715;19.192.630
2013-10-16;68,77;68,92;68,22;68,81;377.070;25.888.244
2013-10-15;68,97;69,16;68,67;69,00;340.734;23.490.892
2013-10-14;68,50;68,79;68,10;68,55;311.989;21.373.900
2013-10-11;68,71;68,86;68,29;68,62;273.516;18.768.022
2013-10-10;67,67;68,73;67,66;68,43;290.207;19.810.146
2013-10-09;67,70;68,02;67,30;67,64;520.467;35.205.016
2013-10-08;68,10;68,18;67,71;67,80;285.267;19.367.828
2013-10-07;67,02;68,15;66,27;68,00;357.714;24.145.848
2013-10-04;67,89;67,89;67,15;67,39;292.516;19.714.760
2013-10-03;68,30;68,33;67,53;67,64;363.182;24.658.792
2013-10-02;66,43;68,70;66,25;67,95;944.008;64.018.832
2013-10-01;64,99;68,01;64,34;66,44;1.133.602;74.846.800
2013-09-30;65,73;66,24;65,40;65,64;304.841;20.031.888
2013-09-27;65,79;66,09;65,24;66,02;296.985;19.522.148
2013-09-26;64,32;66,15;64,32;65,62;600.040;39.182.144
2013-09-25;66,10;66,15;65,34;65,58;357.783;23.503.628
2013-09-24;66,54;66,95;65,68;66,02;324.673;21.521.042
2013-09-23;66,70;67,24;66,46;66,57;432.587;28.875.232
2013-09-20;66,51;66,73;66,22;66,50;953.008;63.381.464
2013-09-19;66,72;66,98;66,41;66,60;383.988;25.597.528
2013-09-18;66,30;66,44;65,59;65,99;414.990;27.376.102
2013-09-17;66,23;66,79;66,11;66,16;323.943;21.479.696
2013-09-16;66,98;66,99;66,33;66,47;398.356;26.514.406
2013-09-13;65,55;66,61;65,46;66,25;653.559;43.264.976
2013-09-12;65,00;65,45;64,88;65,24;333.685;21.757.998
2013-09-11;65,40;65,47;64,54;64,98;293.462;19.044.990
2013-09-10;64,66;65,57;64,57;65,41;404.988;26.405.336
2013-09-09;64,83;65,09;64,09;64,33;282.671;18.206.120
2013-09-06;64,08;64,96;64,08;64,84;582.407;37.658.296
2013-09-05;65,06;65,08;63,89;64,13;715.238;45.952.160
2013-09-04;65,74;65,90;64,88;65,10;325.626;21.224.764
2013-09-03;66,35;66,51;65,67;65,73;202.683;13.380.235
2013-09-02;65,71;66,37;65,50;66,28;252.088;16.652.786
2013-08-30;65,75;65,87;65,20;65,20;376.873;24.669.094
2013-08-29;65,97;65,98;65,34;65,76;337.887;22.180.214
2013-08-28;66,92;67,05;65,82;65,98;309.840;20.525.646
2013-08-27;67,25;67,86;66,90;67,03;316.974;21.287.538
2013-08-26;67,52;67,69;67,23;67,37;135.572;9.139.579
2013-08-23;67,83;67,83;67,30;67,47;251.865;17.017.032
2013-08-22;67,51;68,24;67,48;67,96;272.484;18.504.692
2013-08-21;67,73;67,75;67,44;67,50;180.524;12.195.640
2013-08-20;67,62;67,73;67,21;67,73;322.154;21.758.592
2013-08-19;68,43;68,43;67,74;67,76;510.815;34.732.752
2013-08-16;68,44;68,88;68,08;68,15;571.551;39.113.060
2013-08-15;68,76;68,85;67,73;68,38;446.240;30.434.674
2013-08-14;69,00;69,64;68,54;68,77;466.700;32.186.614
2013-08-13;67,24;68,35;67,24;68,27;449.030;30.576.962
2013-08-12;66,83;67,32;66,03;67,19;410.603;27.445.907
2013-08-09;67,30;67,42;66,34;66,90;504.034;33.682.076
2013-08-08;68,57;68,88;67,01;67,30;682.415;46.054.864
2013-08-07;68,80;69,20;67,27;68,23;969.380;66.177.588
2013-08-06;70,45;71,09;70,31;70,49;403.471;28.491.130
2013-08-05;70,09;70,67;70,00;70,20;201.059;14.132.456
2013-08-02;70,50;70,85;69,73;69,99;250.954;17.608.372
2013-08-01;69,80;70,45;69,71;70,26;331.591;23.269.440
2013-07-31;69,50;69,95;69,27;69,52;348.346;24.231.684
2013-07-30;68,82;69,93;68,77;69,48;473.032;32.895.974
2013-07-29;68,29;69,12;68,17;68,34;227.585;15.586.874
2013-07-26;68,77;69,19;67,95;68,13;208.628;14.246.834
2013-07-25;68,29;68,90;68,10;68,55;344.222;23.592.740
2013-07-24;68,46;69,00;68,00;68,35;391.338;26.799.420
2013-07-23;68,94;69,06;68,20;68,32;286.115;19.612.296
2013-07-22;69,61;69,91;68,62;68,90;338.661;23.366.502
2013-07-19;69,69;69,82;69,09;69,57;577.542;40.098.960
2013-07-18;69,82;69,96;69,34;69,70;338.331;23.568.968
2013-07-17;69,40;69,85;68,70;69,81;434.056;30.105.304
2013-07-16;69,99;70,11;69,00;69,23;251.717;17.484.672
2013-07-15;70,48;70,77;69,86;70,00;224.770;15.762.127
2013-07-12;70,23;70,79;70,08;70,23;295.971;20.835.778
2013-07-11;70,50;70,92;69,97;70,22;320.728;22.524.858
2013-07-10;69,91;70,57;69,55;69,86;656.465;45.942.400
2013-07-09;67,91;68,87;67,52;68,52;379.533;26.011.168
2013-07-08;67,55;68,27;67,17;67,74;389.224;26.355.758
2013-07-05;69,18;69,18;67,45;67,47;410.680;27.976.980
2013-07-04;67,67;69,04;67,53;68,75;557.954;38.285.452
2013-07-03;67,82;67,96;67,15;67,46;435.745;29.428.936
2013-07-02;67,82;69,03;67,56;68,07;412.579;28.080.074
2013-07-01;66,99;67,78;66,60;67,78;331.815;22.367.774
2013-06-28;67,53;67,79;66,65;67,00;419.747;28.171.106
2013-06-27;66,27;67,57;66,11;67,13;512.152;34.262.688
2013-06-26;64,82;66,28;64,65;66,11;501.966;33.016.638
2013-06-25;64,85;65,25;64,29;64,85;520.783;33.780.788
2013-06-24;65,00;65,40;64,26;64,53;502.531;32.472.118
2013-06-21;65,66;66,51;65,31;65,31;1.151.874;75.768.184
2013-06-20;67,06;67,06;65,79;65,89;570.781;37.744.632
2013-06-19;67,99;68,51;67,20;67,74;390.764;26.534.726
2013-06-18;67,60;67,85;66,89;67,76;271.231;18.317.142
2013-06-17;66,87;68,09;66,79;67,60;425.602;28.791.902
2013-06-14;67,29;67,34;66,38;66,91;412.800;27.620.100
2013-06-13;67,01;67,11;65,66;66,98;575.518;38.291.124
2013-06-12;67,48;68,28;67,34;67,66;360.726;24.465.400
2013-06-11;68,63;68,63;66,82;67,50;543.347;36.648.140
2013-06-10;68,04;68,83;67,91;68,58;393.929;26.992.266
2013-06-07;67,29;68,39;66,24;68,16;554.892;37.381.524
2013-06-06;67,36;68,11;66,88;67,00;554.100;37.382.456
2013-06-05;68,32;68,74;67,36;67,44;428.778;29.104.090
2013-06-04;69,19;69,72;68,31;68,67;415.454;28.666.640
2013-06-03;69,00;69,22;67,30;68,71;662.698;45.324.488
2013-05-31;70,12;70,23;69,23;69,53;550.309;38.270.356
2013-05-30;70,32;70,74;69,88;70,39;336.721;23.686.388
2013-05-29;71,90;72,03;70,28;70,54;622.876;44.150.308
2013-05-28;71,18;72,20;70,99;71,97;505.413;36.296.972
2013-05-27;70,79;71,00;70,52;70,77;211.274;14.954.996
2013-05-24;70,33;71,28;69,94;70,41;647.376;45.626.688
2013-05-23;70,50;70,61;69,57;70,21;450.314;31.534.478
2013-05-22;70,60;70,79;69,61;70,69;492.575;34.616.916
2013-05-21;71,27;71,36;70,13;70,63;438.823;30.991.820
2013-05-20;70,89;71,25;70,38;71,20;257.365;18.281.838
2013-05-17;71,50;71,64;69,89;70,54;813.286;57.207.392
2013-05-16;69,94;72,30;69,94;71,62;922.567;65.972.048
2013-05-15;70,11;70,49;69,83;69,96;269.480;18.868.512
2013-05-14;70,56;70,92;69,96;70,12;392.161;27.516.748
2013-05-13;70,50;70,73;70,04;70,48;429.492;30.252.434
2013-05-10;70,91;71,36;70,15;70,44;460.604;32.532.026
2013-05-09;70,20;71,02;69,99;70,65;302.878;21.397.038
2013-05-08;69,33;70,39;69,17;70,20;528.439;36.926.380
2013-05-07;70,40;70,59;69,02;69,38;509.569;35.444.304
2013-05-06;70,34;70,62;69,81;70,42;231.477;16.291.356
2013-05-03;71,39;71,59;70,20;70,40;543.839;38.427.588
2013-05-02;69,75;71,79;69,32;71,64;1.316.946;93.347.312
2013-04-30;68,81;69,52;68,50;68,73;538.436;37.046.668
2013-04-29;69,14;69,55;68,56;68,70;367.726;25.297.622
2013-04-26;69,45;69,92;68,61;68,79;371.415;25.661.670
2013-04-25;69,44;70,10;69,43;69,75;390.468;27.220.438
2013-04-24;70,01;70,03;69,05;69,64;454.894;31.619.966
2013-04-23;68,88;70,27;68,77;70,03;693.724;48.423.160
2013-04-22;68,95;69,30;68,44;68,80;483.847;33.278.262
2013-04-19;67,93;68,99;67,59;68,66;714.550;48.940.052
2013-04-18;68,23;69,03;67,52;68,02;688.956;47.014.820
2013-04-17;68,50;68,87;67,24;68,02;574.218;39.066.932
2013-04-16;68,98;69,39;68,28;68,36;366.342;25.156.776
2013-04-15;69,34;69,73;68,93;69,14;347.734;24.093.840
2013-04-12;69,32;70,03;69,21;69,40;301.954;20.994.110
2013-04-11;69,32;70,53;69,32;69,85;373.638;26.159.048
2013-04-10;68,61;69,63;68,10;69,45;528.478;36.387.804
2013-04-09;70,30;70,33;68,37;68,66;605.216;41.705.828
2013-04-08;70,06;70,83;69,89;69,99;348.740;24.473.638
2013-04-05;71,39;71,39;69,71;69,99;520.246;36.570.692
2013-04-04;72,52;72,74;71,19;71,41;453.593;32.512.256
2013-04-03;72,51;73,09;72,48;72,50;333.929;24.264.804
2013-04-02;71,92;73,45;71,92;72,60;634.839;46.214.520
2013-03-28;71,64;72,38;71,461;72,04;420.409;30.308.934
2013-03-27;72,09;72,50;71,23;71,57;360.554;25.870.524
2013-03-26;72,20;72,36;71,55;72,00;297.583;21.409.854
2013-03-25;71,87;72,19;71,63;72,03;366.402;26.373.690
2013-03-22;70,80;71,79;70,50;71,55;399.489;28.506.086
2013-03-21;72,50;72,50;70,85;70,87;551.555;39.353.136
2013-03-20;70,86;71,249;70,61;70,75;395.119;27.966.888
2013-03-19;70,35;71,10;70,09;70,72;545.088;38.527.436
2013-03-18;69,79;70,36;69,28;70,36;361.325;25.296.842
2013-03-15;70,27;70,59;69,949;70,17;997.401;70.062.312
2013-03-14;69,77;70,13;69,43;70,13;439.872;30.749.100
2013-03-13;68,65;69,65;68,34;69,40;398.220;27.549.360
2013-03-12;68,20;68,55;67,67;68,54;334.342;22.835.550
2013-03-11;67,62;68,33;67,59;68,20;293.091;19.938.902
2013-03-08;68,86;69,13;67,551;67,71;566.588;38.546.072
2013-03-07;67,85;68,87;67,75;68,80;363.874;24.861.964
2013-03-06;67,47;68,01;66,14;67,73;942.091;63.574.228
2013-03-05;65,13;70,19;64,96;67,24;1.993.057;135.130.656
2013-03-04;67,04;67,34;66,67;66,81;525.127;35.131.192
2013-03-01;66,80;67,31;66,47;66,83;424.177;28.356.148
2013-02-28;66,95;67,16;66,57;66,79;430.295;28.748.678
2013-02-27;66,20;67,04;65,91;66,71;380.378;25.353.624
2013-02-26;65,80;66,42;65,69;66,05;392.058;25.897.460
2013-02-25;65,00;66,59;64,60;66,31;510.397;33.727.212
2013-02-22;64,39;65,70;64,27;65,04;455.361;29.664.508
2013-02-21;64,22;64,44;63,57;64,34;591.666;37.954.680
2013-02-20;64,06;65,03;63,90;64,40;906.907;58.465.680
2013-02-19;64,30;65,00;63,38;64,13;1.072.165;68.774.960
2013-02-18;65,77;66,00;63,83;64,30;775.947;50.212.088
2013-02-15;65,92;66,18;65,37;65,80;472.257;31.117.776
2013-02-14;65,87;66,28;65,71;65,83;349.968;23.069.210
2013-02-13;65,33;65,89;64,75;65,82;340.448;22.341.476
2013-02-12;64,27;65,39;64,27;65,11;270.960;17.625.820
2013-02-11;64,84;64,95;64,24;64,43;218.418;14.105.941
2013-02-08;65,04;65,15;64,53;65,02;250.201;16.239.326
2013-02-07;64,64;65,01;64,17;64,56;345.979;22.340.894
2013-02-06;65,44;65,62;64,57;64,90;250.787;16.312.431
2013-02-05;64,43;65,40;64,43;65,34;340.265;22.143.372
2013-02-04;65,69;65,73;64,49;64,60;386.582;25.072.894
2013-02-01;64,94;65,79;64,67;65,60;371.624;24.304.334
2013-01-31;65,08;65,31;64,42;64,65;468.428;30.343.964
2013-01-30;65,09;65,52;64,99;65,29;273.633;17.860.696
2013-01-29;64,28;65,23;64,15;65,08;287.987;18.660.924
2013-01-28;64,96;65,09;64,08;64,15;331.699;21.348.938
2013-01-25;64,52;65,13;64,29;64,75;451.365;29.235.756
2013-01-24;64,63;64,74;63,47;64,42;640.371;41.094.896
2013-01-23;63,50;64,60;63,48;64,10;544.309;34.892.376
2013-01-22;63,66;63,83;62,97;63,30;372.475;23.578.940
2013-01-21;63,33;63,60;63,03;63,51;260.023;16.485.124
2013-01-18;62,68;63,53;62,56;63,21;595.413;37.637.276
2013-01-17;62,23;62,84;62,07;62,55;340.870;21.310.520
2013-01-16;61,30;62,62;61,30;62,43;426.046;26.539.432
2013-01-15;61,28;61,56;61,00;61,42;299.359;18.363.314
2013-01-14;61,20;61,43;61,08;61,21;244.007;14.936.087
2013-01-11;61,30;61,43;61,07;61,20;278.940;17.079.182
2013-01-10;62,63;62,63;61,07;61,20;465.441;28.624.962
2013-01-09;62,52;62,66;62,03;62,46;452.685;28.244.812
2013-01-08;61,09;62,72;60,96;62,30;626.798;39.076.692
2013-01-07;61,87;61,87;60,72;60,86;402.610;24.546.362
2013-01-04;61,96;62,26;61,73;61,87;273.045;16.918.992
2013-01-03;62,27;62,72;61,96;62,01;323.243;20.146.132
2013-01-02;62,99;62,99;61,91;62,53;399.657;24.902.576
2012-12-28;61,00;61,91;61,00;61,88;150.169;9.255.286
2012-12-27;61,58;61,60;60,70;61,30;172.891;10.569.375
2012-12-21;61,29;61,79;61,04;61,64;544.042;33.466.370
2012-12-20;61,63;61,90;61,22;61,67;238.875;14.722.950
2012-12-19;61,20;61,66;61,20;61,60;297.209;18.276.704
2012-12-18;61,04;61,26;60,53;61,12;335.119;20.411.366
2012-12-17;61,14;61,42;60,63;60,81;346.648;21.098.464
2012-12-14;61,49;61,91;61,09;61,14;300.143;18.413.570
2012-12-13;62,60;62,60;61,28;61,42;463.923;28.626.932
2012-12-12;62,18;62,56;61,71;62,50;375.947;23.440.594
2012-12-11;61,97;62,49;61,91;62,25;360.644;22.446.602
2012-12-10;61,95;62,26;61,78;62,07;397.022;24.627.268
2012-12-07;61,87;62,50;61,78;61,97;471.333;29.259.956
2012-12-06;61,02;62,20;61,02;61,73;831.689;51.316.864
2012-12-05;60,64;60,71;60,19;60,55;439.215;26.571.474
2012-12-04;60,42;60,60;60,28;60,57;430.114;26.006.886
2012-12-03;60,50;60,71;60,29;60,51;281.742;17.040.686
2012-11-30;60,15;60,57;60,15;60,30;281.357;16.984.152
2012-11-29;60,49;60,52;60,16;60,20;281.090;16.940.410
2012-11-28;60,57;60,70;60,10;60,26;385.857;23.263.910
2012-11-27;60,68;60,81;60,32;60,50;340.928;20.642.538
2012-11-26;60,05;60,43;59,96;60,28;237.453;14.317.050
2012-11-23;59,76;60,30;59,67;60,15;199.011;11.955.848
2012-11-22;59,72;59,90;59,55;59,82;200.103;11.964.354
2012-11-21;59,07;59,66;59,05;59,45;326.708;19.399.648
2012-11-20;58,56;59,31;58,56;59,15;198.996;11.747.302
2012-11-19;58,40;58,96;58,25;58,86;246.684;14.492.864
2012-11-16;58,70;59,20;58,24;58,24;454.996;26.642.480
2012-11-15;59,00;59,12;58,40;58,75;289.982;17.022.858
2012-11-14;60,24;60,36;59,04;59,27;283.571;16.856.664
2012-11-13;60,00;60,28;59,62;60,13;244.423;14.660.851
2012-11-12;59,74;60,14;59,41;59,94;282.799;16.940.788
2012-11-09;59,36;59,83;58,87;59,69;414.153;24.612.142
2012-11-08;59,79;60,18;59,09;59,13;371.987;22.135.710
2012-11-07;61,08;61,39;59,65;59,70;635.874;38.304.664
2012-11-06;61,22;61,53;60,70;60,96;344.301;21.046.092
2012-11-05;60,12;61,08;59,81;60,87;676.843;41.042.188
2012-11-02;59,45;60,83;58,83;60,70;1.565.042;93.873.968
2012-11-01;56,21;56,81;56,11;56,60;388.511;21.982.450
2012-10-31;56,50;56,95;56,02;56,11;352.217;19.843.124
2012-10-30;55,99;56,55;55,99;56,55;356.811;20.108.792
2012-10-29;56,31;56,55;56,12;56,12;286.114;16.094.161
2012-10-26;56,35;56,64;55,95;56,31;247.191;13.903.970
2012-10-25;55,99;56,88;55,67;56,50;259.191;14.648.284
2012-10-24;55,90;56,299;55,62;55,87;356.434;19.948.276
2012-10-23;57,21;57,41;55,91;55,98;377.472;21.268.314
2012-10-22;57,95;58,22;57,11;57,19;296.450;17.017.326
2012-10-19;58,64;58,64;57,80;57,95;713.074;41.346.684
2012-10-18;58,34;58,69;57,96;58,67;351.668;20.523.568
2012-10-17;59,39;59,39;58,30;58,34;423.157;24.757.786
2012-10-16;58,89;59,19;58,69;59,05;451.254;26.631.758
2012-10-15;58,06;58,57;58,06;58,47;279.565;16.335.411
2012-10-12;58,20;58,30;57,75;57,92;482.633;28.007.534
2012-10-11;57,54;57,74;57,26;57,56;338.722;19.477.788
2012-10-10;57,44;57,57;57,26;57,34;215.349;12.359.442
2012-10-09;57,82;57,83;57,14;57,45;409.342;23.516.076
2012-10-08;58,30;58,30;57,51;57,61;326.841;18.862.532
2012-10-05;58,27;58,71;58,14;58,40;255.062;14.891.919
2012-10-04;58,18;58,51;58,04;58,18;238.897;13.910.755
2012-10-03;57,72;57,99;57,49;57,95;210.294;12.152.353
2012-10-02;57,64;58,16;57,45;57,75;268.777;15.556.127
2012-10-01;57,30;57,97;57,22;57,78;364.092;21.024.952
2012-09-28;57,71;57,73;56,93;57,10;365.811;20.925.114
2012-09-27;56,75;57,55;56,62;57,46;504.435;28.846.674
2012-09-26;57,04;57,36;56,36;56,67;496.134;28.161.950
2012-09-25;56,90;57,28;56,81;56,85;359.632;20.498.450
2012-09-24;57,23;57,33;56,56;56,71;432.179;24.546.846
2012-09-21;57,50;58,05;57,20;57,35;1.081.362;62.342.228
2012-09-20;56,62;57,34;56,55;57,34;576.599;32.894.592
2012-09-19;56,31;56,82;56,10;56,82;441.468;24.990.038
2012-09-18;55,89;56,67;55,82;56,49;725.548;40.881.916
2012-09-17;55,61;56,09;55,53;55,54;402.248;22.395.292
2012-09-14;57,29;57,38;55,45;55,58;643.039;35.913.848
2012-09-13;55,85;56,97;55,85;56,77;446.890;25.227.304
2012-09-12;56,62;56,91;55,74;56,35;427.911;24.148.246
2012-09-11;56,30;56,84;56,30;56,65;254.904;14.423.429
2012-09-10;56,60;56,87;56,20;56,41;264.977;14.961.191
2012-09-07;57,99;58,13;56,86;56,86;423.587;24.209.036
2012-09-06;57,32;58,00;57,32;58,00;337.862;19.524.540
2012-09-05;57,29;57,85;57,15;57,23;307.551;17.665.302
2012-09-04;57,62;57,79;57,15;57,27;187.753;10.777.632
2012-09-03;56,82;57,63;56,76;57,63;217.523;12.486.638
2012-08-31;57,04;57,39;56,73;57,00;292.282;16.676.378
2012-08-30;57,10;57,59;57,02;57,18;264.732;15.157.229
2012-08-29;57,67;57,84;57,03;57,16;408.527;23.401.940
2012-08-28;58,30;59,23;57,73;57,86;695.014;40.530.932
2012-08-27;57,21;57,62;56,84;57,58;152.453;8.737.019
2012-08-24;56,62;57,32;56,56;57,14;314.768;17.935.968
2012-08-23;57,11;57,15;56,27;56,50;286.029;16.166.613
2012-08-22;57,26;57,35;56,50;56,95;304.935;17.383.436
2012-08-21;57,20;57,43;56,96;57,29;268.837;15.384.783
2012-08-20;56,68;57,30;56,58;57,05;300.862;17.142.282
2012-08-17;57,00;57,01;56,16;56,52;603.412;34.125.400
2012-08-16;57,10;57,10;56,59;56,80;414.930;23.582.172
2012-08-15;56,72;57,08;56,43;56,78;190.434;10.820.790
2012-08-14;56,92;57,01;56,46;56,72;256.155;14.530.659
2012-08-13;56,73;57,08;56,36;56,50;248.717;14.083.327
2012-08-10;56,93;57,20;56,37;56,73;284.559;16.134.131
2012-08-09;56,63;57,13;56,44;56,85;304.645;17.298.258
2012-08-08;56,65;56,96;56,03;56,48;328.255;18.533.000
2012-08-07;57,78;57,78;56,395;56,71;460.147;26.133.542
2012-08-06;57,90;57,90;56,86;57,72;663.342;38.104.920
2012-08-03;56,90;58,35;56,16;56,97;1.114.681;63.543.672
2012-08-02;51,92;57,30;51,60;57,17;2.495.012;138.305.552
2012-08-01;54,06;54,07;52,97;53,13;386.479;20.563.914
2012-07-31;54,38;54,54;53,67;53,92;435.816;23.541.838
2012-07-30;55,00;55,07;54,38;54,71;268.490;14.674.081
2012-07-27;54,29;54,95;53,82;54,95;466.518;25.421.820
2012-07-26;53,10;54,38;53,02;54,30;663.507;35.770.904
2012-07-25;53,43;53,70;52,77;52,84;466.738;24.794.332
2012-07-24;53,40;53,85;53,28;53,45;452.310;24.210.418
2012-07-23;54,92;55,42;53,13;53,30;498.306;26.891.968
2012-07-20;55,40;55,50;55,03;55,09;585.213;32.326.170
2012-07-19;54,65;55,34;54,64;55,29;492.236;27.127.880
2012-07-18;53,82;54,52;53,65;54,52;380.681;20.675.890
2012-07-17;53,16;53,76;53,14;53,66;375.542;20.108.500
2012-07-16;53,40;53,49;52,82;52,95;313.457;16.631.370
2012-07-13;52,80;53,48;52,63;53,48;288.091;15.338.096
2012-07-12;52,74;52,98;52,36;52,76;432.258;22.781.676
2012-07-11;53,03;53,27;52,65;52,92;331.148;17.534.108
2012-07-10;52,07;53,17;51,81;53,17;596.185;31.521.256
2012-07-09;52,26;52,52;51,76;51,84;354.824;18.455.170
2012-07-06;52,41;52,96;52,27;52,31;325.839;17.101.678
2012-07-05;52,39;52,77;51,84;52,45;346.806;18.142.748
2012-07-04;52,44;52,60;52,15;52,52;254.818;13.353.990
2012-07-03;51,51;52,56;51,28;52,44;601.047;31.330.998
2012-07-02;51,18;51,32;50,56;51,31;647.366;33.088.916
2012-06-29;51,35;51,49;50,96;51,15;604.620;30.965.032
2012-06-28;51,07;51,43;50,24;50,46;368.699;18.666.114
2012-06-27;51,10;51,25;50,54;51,04;551.863;28.136.184
2012-06-26;51,06;51,47;50,65;50,98;542.221;27.670.788
2012-06-25;51,58;51,62;50,61;50,83;619.000;31.515.186
2012-06-22;52,11;52,11;51,76;51,86;359.130;18.647.920
2012-06-21;52,65;52,90;52,07;52,31;448.368;23.499.700
2012-06-20;53,44;53,50;51,80;52,67;788.581;41.503.896
2012-06-19;52,50;53,85;52,19;53,52;743.500;39.496.296
2012-06-18;52,50;53,03;52,32;52,74;386.221;20.362.180
2012-06-15;52,70;52,70;51,75;52,08;1.082.821;56.437.264
2012-06-14;52,30;52,76;52,01;52,60;472.630;24.804.244
2012-06-13;51,99;52,43;51,90;52,31;478.942;25.013.960
2012-06-12;52,25;52,77;51,37;51,92;535.049;27.815.306
2012-06-11;53,00;53,18;52,13;52,19;502.241;26.338.310
2012-06-08;51,82;52,54;51,64;52,54;486.506;25.429.522
2012-06-07;51,24;52,26;51,24;52,15;507.138;26.344.408
2012-06-06;50,52;51,21;50,20;51,21;743.838;37.723.828
2012-06-05;50,18;50,45;49,92;50,42;430.584;21.631.906
2012-06-04;49,985;50,42;49,525;50,20;494.378;24.760.142
2012-06-01;51,13;51,13;49,25;50,22;657.496;33.035.096
2012-05-31;50,69;51,22;50,59;50,98;403.788;20.563.924
2012-05-30;51,09;51,24;50,48;50,53;370.623;18.794.998
2012-05-29;50,88;51,44;50,80;51,21;331.408;16.960.372
2012-05-28;51,20;51,49;50,61;50,70;213.936;10.896.304
2012-05-25;50,69;50,99;50,20;50,79;639.765;32.388.238
2012-05-24;51,67;51,92;50,77;50,84;777.698;39.738.268
2012-05-23;52,18;52,38;51,13;51,13;696.475;35.890.352
2012-05-22;52,58;52,64;51,97;52,59;434.020;22.760.676
2012-05-21;51,67;52,38;51,36;52,03;357.972;18.603.300
2012-05-18;51,70;52,16;51,43;51,53;594.060;30.748.170
2012-05-17;52,07;52,55;51,80;51,92;416.964;21.741.950
2012-05-16;52,42;52,66;51,68;51,73;484.020;25.141.200
2012-05-15;52,49;52,97;52,44;52,59;404.195;21.279.728
2012-05-14;52,26;52,52;51,68;52,19;297.636;15.518.114
2012-05-11;51,33;52,45;51,33;52,45;294.370;15.350.993
2012-05-10;52,50;52,50;51,33;51,53;374.001;19.297.384
2012-05-09;51,80;52,38;51,43;52,27;492.091;25.594.536
2012-05-08;51,97;52,38;51,33;51,61;508.692;26.331.160
2012-05-07;51,75;52,70;51,75;52,38;408.767;21.406.118
2012-05-04;53,34;53,36;52,50;52,51;632.791;33.417.750
2012-05-03;54,50;55,67;52,79;53,16;1.203.762;64.711.352
2012-05-02;53,64;54,09;52,73;53,00;452.462;24.169.838
2012-04-30;52,50;53,08;52,41;53,00;455.736;24.069.084
2012-04-27;52,06;52,45;51,65;52,35;634.780;33.083.218
2012-04-26;51,92;52,81;51,48;52,81;639.269;33.453.668
2012-04-25;51,94;52,07;51,59;51,85;347.302;18.021.644
2012-04-24;50,93;51,81;50,75;51,76;503.105;25.815.684
2012-04-23;51,48;51,52;50,62;50,91;480.673;24.512.186
2012-04-20;51,50;51,90;51,10;51,81;414.389;21.360.568
2012-04-19;51,34;52,10;51,05;51,61;905.313;46.822.624
2012-04-18;50,35;50,57;50,04;50,34;380.645;19.176.532
2012-04-17;49,73;50,27;49,495;50,26;851.945;42.616.500
2012-04-16;48,735;49,655;48,60;49,595;500.468;24.723.320
2012-04-13;49,50;50,02;48,665;48,77;807.208;39.740.296
2012-04-12;48,365;49,42;48,31;49,13;570.986;27.950.538
2012-04-11;48,015;48,52;47,74;48,355;519.847;25.055.478
2012-04-10;48,10;48,605;48,071;48,16;208.682;10.087.637
2012-04-05;48,585;48,89;48,35;48,55;287.400;13.958.426
2012-04-04;49,30;49,43;48,17;48,44;624.534;30.377.194
2012-04-03;49,89;50,10;49,535;49,54;410.224;20.396.384
2012-04-02;48,915;49,895;48,785;49,895;683.395;33.787.116
2012-03-30;47,99;48,925;47,855;48,925;432.502;21.022.610
2012-03-29;48,14;48,40;47,61;47,75;545.060;26.088.974
2012-03-28;48,375;49,055;48,335;48,335;421.161;20.470.358
2012-03-27;49,075;49,16;48,405;48,505;420.858;20.472.268
2012-03-26;48,23;49,14;48,23;49,015;431.580;21.090.950
2012-03-23;48,08;48,315;47,885;48,165;368.803;17.751.248
2012-03-22;48,465;48,65;48,09;48,09;367.636;17.738.158
2012-03-21;48,385;48,695;48,05;48,525;338.494;16.391.293
2012-03-20;48,315;48,515;48,17;48,36;260.890;12.614.119
2012-03-19;48,50;48,585;48,11;48,46;394.328;19.079.232
2012-03-16;49,10;49,24;48,53;48,65;1.345.888;65.834.400
2012-03-15;49,195;49,425;49,025;49,235;304.078;14.959.365
2012-03-14;49,38;49,41;48,98;49,22;412.425;20.301.792
2012-03-13;49,145;49,575;48,97;49,41;405.721;20.002.324
2012-03-12;48,57;49,04;48,54;48,925;303.254;14.810.049
2012-03-09;48,725;48,945;48,405;48,625;357.850;17.416.768
2012-03-08;47,765;48,865;47,40;48,765;604.079;29.231.550
2012-03-07;47,59;47,695;47,34;47,57;354.264;16.840.086
2012-03-06;48,245;48,375;47,435;47,435;548.841;26.232.350
2012-03-05;47,785;48,495;47,685;48,415;425.601;20.550.856
2012-03-02;47,41;48,01;47,37;47,785;342.261;16.353.627
2012-03-01;46,615;47,65;46,58;47,55;572.516;27.087.640
2012-02-29;47,55;47,63;47,00;47,01;557.761;26.316.016
2012-02-28;47,525;47,56;46,995;47,55;356.238;16.874.050
2012-02-27;46,80;47,33;46,515;47,315;375.317;17.627.114
2012-02-24;47,68;47,795;46,72;46,835;619.445;29.100.862
2012-02-23;48,20;48,405;47,34;47,685;438.117;20.944.750
2012-02-22;48,075;48,155;47,555;48,135;393.107;18.837.466
2012-02-21;47,96;48,175;47,575;48,175;321.446;15.410.822
2012-02-20;48,25;48,42;47,94;48,04;347.843;16.749.780
2012-02-17;47,92;48,085;47,595;48,085;604.367;28.997.198
2012-02-16;47,50;47,815;47,345;47,815;418.720;19.943.308
2012-02-15;47,625;48,075;47,56;47,695;720.001;34.433.624
2012-02-14;46,71;47,50;46,59;47,46;623.234;29.445.046
2012-02-13;46,67;46,995;46,595;46,805;376.322;17.610.690
2012-02-10;46,35;46,73;46,21;46,50;383.521;17.838.778
2012-02-09;46,26;46,66;46,18;46,575;555.464;25.798.376
2012-02-08;46,29;46,755;46,025;46,075;407.304;18.886.658
2012-02-07;46,55;46,605;45,96;46,145;492.820;22.753.592
2012-02-06;47,10;47,155;46,515;46,58;446.732;20.894.720
2012-02-03;46,635;47,26;46,295;47,14;591.308;27.719.792
2012-02-02;46,47;47,19;46,27;46,62;527.526;24.617.714
2012-02-01;46,00;46,94;45,905;46,495;811.998;37.809.276
2012-01-31;46,12;46,145;45,38;45,90;626.937;28.729.722
2012-01-30;45,38;46,22;45,375;46,135;661.330;30.366.668
2012-01-27;45,65;45,975;45,31;45,655;798.535;36.546.416
2012-01-26;45,65;45,83;45,105;45,59;837.814;38.154.348
2012-01-25;45,05;46,50;44,90;45,435;1.819.086;83.074.816
2012-01-24;43,405;43,945;43,015;43,945;638.182;27.826.356
2012-01-23;44,06;44,265;43,415;43,435;526.465;23.017.310
2012-01-20;44,00;44,385;43,705;43,99;786.865;34.707.724
2012-01-19;43,88;44,155;43,705;44,025;794.215;34.916.828
2012-01-18;43,20;43,80;43,20;43,675;552.774;24.118.478
2012-01-17;43,155;43,33;42,895;43,22;503.850;21.750.854
2012-01-16;42,85;43,005;42,59;42,95;300.582;12.873.720
2012-01-13;43,35;43,69;42,51;42,85;592.209;25.410.478
2012-01-12;43,645;43,74;43,17;43,30;511.486;22.160.322
2012-01-11;44,38;44,42;43,435;43,65;616.240;26.943.638
2012-01-10;44,505;45,01;44,265;44,435;452.268;20.173.016
2012-01-09;44,10;44,415;43,975;44,185;282.508;12.488.684
2012-01-06;44,355;44,69;43,835;44,165;335.589;14.841.870
2012-01-05;44,29;44,605;44,16;44,265;549.797;24.400.736
2012-01-04;44,495;44,93;44,375;44,40;564.361;25.169.420
2012-01-03;44,45;45,015;44,40;44,605;532.681;23.807.536
2012-01-02;43,91;44,34;43,655;44,225;440.820;19.448.356
2011-12-30;43,90;43,97;43,525;43,82;183.367;8.015.303
2011-12-29;43,67;43,805;43,525;43,805;238.807;10.433.042
2011-12-28;43,68;43,855;43,415;43,55;327.548;14.277.802
2011-12-27;43,785;43,785;43,47;43,75;171.912;7.510.590
2011-12-23;43,125;43,75;43,075;43,585;303.816;13.205.980
2011-12-22;42,71;43,205;42,665;42,805;262.034;11.245.218
2011-12-21;43,49;43,55;42,51;42,72;488.266;20.983.450
2011-12-20;42,355;43,285;42,23;43,285;542.723;23.322.084
2011-12-19;42,15;42,78;42,11;42,50;359.915;15.319.128
2011-12-16;42,55;42,555;42,06;42,40;1.144.106;48.329.008
2011-12-15;42,325;42,58;41,90;42,395;424.059;17.940.132
2011-12-14;42,325;42,52;42,00;42,06;490.120;20.668.234
2011-12-13;42,395;42,86;42,11;42,49;459.977;19.564.068
2011-12-12;42,575;42,845;42,195;42,25;483.900;20.522.350
2011-12-09;42,36;42,66;42,075;42,645;509.051;21.605.716
2011-12-08;43,225;43,445;42,45;42,645;611.732;26.168.812
2011-12-07;42,965;43,22;42,47;42,955;468.624;20.044.156
2011-12-06;42,935;43,43;42,67;42,67;406.939;17.446.614
2011-12-05;43,065;43,675;42,60;43,17;531.304;23.011.930
2011-12-02;43,70;44,03;42,71;42,79;671.449;28.907.156
2011-12-01;42,85;43,80;42,845;43,255;1.100.175;47.695.480
2011-11-30;41,00;42,755;40,81;42,525;1.400.843;59.089.408
2011-11-29;40,72;41,25;40,62;41,12;611.064;25.069.420
2011-11-28;40,405;40,77;40,17;40,72;514.110;20.863.920
2011-11-25;39,99;40,41;39,81;40,105;363.329;14.566.463
2011-11-24;40,565;40,76;39,745;39,995;619.513;24.794.614
2011-11-23;40,44;40,96;40,32;40,41;425.433;17.243.208
2011-11-22;40,855;41,32;40,61;40,66;350.479;14.303.397
2011-11-21;41,20;41,475;40,595;40,65;567.550;23.146.314
2011-11-18;41,045;41,495;41,00;41,25;416.394;17.184.290
2011-11-17;41,02;41,73;40,785;41,255;461.740;19.043.108
2011-11-16;41,105;41,675;40,805;41,145;411.207;16.942.412
2011-11-15;41,195;41,60;40,70;41,225;481.410;19.819.310
2011-11-14;41,59;41,83;41,22;41,475;561.243;23.307.870
2011-11-11;40,585;41,66;40,50;41,37;557.244;22.954.326
2011-11-10;40,235;40,935;40,14;40,60;470.669;19.062.270
2011-11-09;41,31;41,395;40,41;40,655;885.302;35.957.596
2011-11-08;40,815;41,78;40,635;41,235;581.309;24.027.898
2011-11-07;40,975;41,135;40,325;40,83;514.973;20.988.984
2011-11-04;41,165;41,54;40,725;41,27;673.542;27.783.606
2011-11-03;40,545;41,18;39,945;40,955;847.219;34.473.556
2011-11-02;40,84;40,975;39,73;40,285;806.991;32.429.684
2011-11-01;41,245;41,345;40,335;40,63;985.429;40.102.780
2011-10-31;42,215;42,37;41,785;41,785;693.244;29.129.454
2011-10-28;41,97;42,685;41,97;42,335;646.087;27.408.424
2011-10-27;42,36;42,42;41,805;41,94;559.336;23.509.950
2011-10-26;41,835;42,085;41,315;41,69;340.841;14.216.865
2011-10-25;41,945;42,325;41,30;41,725;492.257;20.614.374
2011-10-24;42,00;42,26;41,74;41,955;420.310;17.667.420
2011-10-21;41,16;41,99;40,77;41,925;507.458;21.127.184
2011-10-20;41,04;41,45;40,935;41,16;416.326;17.134.278
2011-10-19;41,235;41,59;41,095;41,34;281.305;11.625.791
2011-10-18;40,765;41,395;40,60;41,17;336.301;13.793.775
2011-10-17;41,40;41,525;40,685;40,95;488.129;20.028.856
2011-10-14;41,50;41,77;41,265;41,295;390.479;16.203.420
2011-10-13;41,40;41,65;41,085;41,255;415.809;17.168.098
2011-10-12;41,15;41,645;40,895;41,62;539.587;22.336.656
2011-10-11;40,605;41,175;40,605;41,105;493.416;20.217.564
2011-10-10;40,67;41,01;40,18;40,665;505.133;20.524.798
2011-10-07;40,43;40,64;39,915;40,35;664.237;26.787.198
2011-10-06;41,12;41,275;39,84;40,315;1.145.092;46.230.756
2011-10-05;39,67;41,35;39,155;41,115;1.139.235;46.261.128
2011-10-04;39,785;39,85;38,95;39,345;555.925;21.882.316
2011-10-03;39,505;40,075;39,245;40,03;473.217;18.769.924
2011-09-30;40,055;40,125;39,375;40,125;638.772;25.442.994
2011-09-29;40,70;40,70;39,945;40,22;484.850;19.523.814
2011-09-28;40,48;41,365;40,375;40,74;595.762;24.385.342
2011-09-27;40,00;40,76;39,73;40,62;783.877;31.593.572
2011-09-26;39,21;39,855;39,17;39,67;622.643;24.650.198
2011-09-23;40,335;40,34;38,825;39,655;691.020;27.264.230
2011-09-22;39,985;40,20;39,59;40,07;748.966;29.919.004
2011-09-21;41,90;41,90;40,50;40,75;805.975;33.070.874
2011-09-20;40,925;41,895;40,84;41,775;547.090;22.772.900
2011-09-19;40,515;41,065;40,40;41,05;474.728;19.336.304
2011-09-16;41,315;41,67;40,94;41,21;1.655.394;68.340.832
2011-09-15;41,205;41,53;40,91;41,045;728.290;29.955.324
2011-09-14;40,245;40,995;40,07;40,895;578.782;23.496.486
2011-09-13;41,21;41,21;40,065;40,455;696.984;28.261.870
2011-09-12;39,74;40,745;39,585;40,745;730.237;29.486.306
2011-09-09;41,05;41,35;40,34;40,465;561.804;22.879.550
2011-09-08;41,00;41,60;40,805;41,38;903.314;37.319.884
2011-09-07;40,945;41,01;40,33;40,705;634.438;25.842.520
2011-09-06;39,66;40,49;39,57;40,255;706.896;28.333.840
2011-09-05;40,24;40,335;39,34;39,68;613.459;24.411.908
2011-09-02;40,52;40,875;40,145;40,765;489.422;19.841.822
2011-09-01;40,90;41,075;40,145;40,83;570.917;23.188.592
2011-08-31;40,775;41,36;40,415;40,935;730.827;29.891.292
2011-08-30;41,035;41,27;40,435;40,82;407.728;16.657.760
2011-08-29;41,005;41,36;40,685;41,075;298.767;12.267.683
2011-08-26;40,51;40,66;39,835;40,545;398.572;16.054.487
2011-08-25;41,16;41,52;39,43;40,67;686.105;27.759.176
2011-08-24;41,06;41,425;40,45;41,10;452.804;18.562.850
2011-08-23;41,26;41,705;40,725;41,065;634.594;26.107.022
2011-08-22;40,05;41,18;39,75;40,675;399.211;16.197.899
2011-08-19;41,095;41,485;39,88;40,35;1.062.900;42.978.398
2011-08-18;41,86;42,48;40,80;41,28;962.980;40.068.136
2011-08-17;42,035;42,535;41,875;42,175;389.140;16.427.997
2011-08-16;41,55;42,34;41,37;42,175;471.621;19.782.292
2011-08-15;42,00;42,289;41,70;41,84;396.662;16.634.653
2011-08-12;40,86;41,90;40,49;41,67;683.804;28.387.870
2011-08-11;40,645;41,20;39,70;40,96;1.074.869;43.712.716
2011-08-10;40,53;41,815;39,71;39,995;1.223.423;49.951.720
2011-08-09;39,94;40,70;38,255;40,295;2.022.452;80.257.416
2011-08-08;41,20;41,67;39,863;40,005;1.235.922;50.128.576
2011-08-05;41,10;42,495;40,67;41,625;1.511.981;62.710.600
2011-08-04;43,885;45,35;42,39;42,52;1.572.069;68.875.056
2011-08-03;43,07;43,70;42,265;42,61;890.410;38.175.844
2011-08-02;43,85;44,025;43,125;43,37;526.903;22.921.308
2011-08-01;45,255;45,49;44,00;44,105;446.097;19.853.876
2011-07-29;44,765;45,055;44,25;44,905;336.939;15.066.311
2011-07-28;45,00;45,13;44,725;45,01;325.557;14.638.406
2011-07-27;45,075;45,27;44,81;45,15;772.794;34.803.916
2011-07-26;44,395;45,41;44,26;44,89;548.804;24.748.066
2011-07-25;44,025;44,62;43,81;44,575;244.041;10.834.225
2011-07-22;43,805;44,215;43,465;44,215;482.853;21.263.844
2011-07-21;43,71;43,895;43,19;43,67;400.487;17.464.742
2011-07-20;43,47;43,54;43,17;43,505;274.433;11.914.025
2011-07-19;43,65;43,70;43,05;43,30;448.706;19.447.353
2011-07-18;43,95;44,12;43,25;43,25;460.752;20.074.011
2011-07-15;43,505;44,315;43,435;43,95;648.174;28.515.275
2011-07-14;43,58;44,055;43,42;43,55;334.433;14.613.246
2011-07-13;43,10;43,82;42,60;43,80;657.267;28.417.559
2011-07-12;44,125;44,41;43,21;43,655;592.552;25.865.374
2011-07-11;44,405;44,645;44,025;44,365;362.755;16.090.470
2011-07-08;44,565;44,885;44,35;44,485;280.956;12.516.108
2011-07-07;45,08;45,11;44,47;44,54;289.824;12.941.927
2011-07-06;45,205;45,38;44,52;44,725;264.823;11.864.275
2011-07-05;45,00;45,32;44,93;45,26;281.782;12.753.453
2011-07-04;45,00;45,00;44,64;44,995;210.226;9.459.119
2011-07-01;44,705;44,985;44,605;44,985;295.791;13.306.158
2011-06-30;44,67;44,865;44,30;44,75;299.886;13.419.899
2011-06-29;44,14;44,565;43,86;44,565;398.764;17.770.917
2011-06-28;44,295;44,40;43,925;43,99;343.667;15.117.912
2011-06-27;43,74;44,515;43,74;44,125;283.978;12.530.529
2011-06-24;44,25;44,595;43,855;43,91;340.169;14.936.821
2011-06-23;44,55;44,705;44,00;44,115;379.279;16.731.894
2011-06-22;44,42;44,66;44,115;44,585;374.498;16.696.993
2011-06-21;44,345;44,615;44,075;44,34;431.558;19.135.282
2011-06-20;43,715;44,375;43,405;44,29;500.230;22.155.187
2011-06-17;44,10;44,295;43,65;43,99;1.194.278;52.536.292
2011-06-16;44,33;44,51;43,56;44,075;755.635;33.304.613
2011-06-15;44,675;45,005;44,27;44,535;437.877;19.500.852
2011-06-14;45,40;45,50;44,735;44,80;507.118;22.718.886
2011-06-13;44,965;45,395;44,815;45,14;220.791;9.966.506
2011-06-10;45,71;45,94;44,705;44,89;769.851;34.558.611
2011-06-09;45,445;46,10;45,25;45,825;505.331;23.156.793
2011-06-08;45,255;45,54;44,79;45,455;516.590;23.481.599
2011-06-07;45,465;45,80;45,275;45,50;406.018;18.473.819
2011-06-06;45,35;45,685;45,175;45,29;296.205;13.415.125
2011-06-03;45,395;45,62;45,065;45,375;331.239;15.029.970
2011-06-02;45,56;45,725;45,125;45,125;270.257;12.195.347
2011-06-01;46,00;46,06;45,395;45,715;488.160;22.316.234
2011-05-31;46,17;46,405;45,875;46,045;532.118;24.501.372
2011-05-30;45,84;46,10;45,63;45,96;210.822;9.689.379
2011-05-27;45,68;45,925;45,295;45,71;369.294;16.880.428
2011-05-26;45,715;45,84;45,10;45,415;376.206;17.085.396
2011-05-25;45,71;45,75;45,35;45,715;412.536;18.859.083
2011-05-24;45,79;46,12;45,37;45,965;521.220;23.957.877
2011-05-23;44,79;45,915;44,74;45,795;655.564;30.021.552
2011-05-20;45,995;46,235;45,185;45,35;739.377;33.530.745
2011-05-19;46,085;46,095;45,675;45,805;575.002;26.337.967
2011-05-18;45,67;45,98;45,225;45,815;492.648;22.570.668
2011-05-17;45,79;45,84;45,26;45,395;441.470;20.040.531
2011-05-16;45,74;46,32;45,56;45,835;689.703;31.612.536
2011-05-13;45,30;45,935;45,125;45,935;839.639;38.568.818
2011-05-12;44,655;45,205;44,28;45,205;680.816;30.776.289
2011-05-11;44,61;45,05;44,415;44,805;552.030;24.733.704
2011-05-10;44,67;44,945;44,285;44,565;453.377;20.204.746
2011-05-09;44,715;44,98;44,535;44,615;555.539;24.785.374
2011-05-06;43,875;44,965;43,67;44,93;893.710;40.154.390
2011-05-05;43,86;44,89;43,51;43,895;924.253;40.570.085
2011-05-04;44,495;44,505;43,54;43,925;678.936;29.822.263
2011-05-03;43,885;44,20;43,59;43,73;487.105;21.301.102
2011-05-02;44,145;44,44;44,005;44,005;331.862;14.603.588
2011-04-29;43,455;44,125;43,405;43,97;300.961;13.233.255
2011-04-28;43,50;43,775;43,24;43,495;508.814;22.130.864
2011-04-27;44,00;44,00;43,12;43,32;651.321;28.215.226
2011-04-26;43,945;44,42;43,835;43,835;500.726;21.949.324
2011-04-21;44,95;44,95;44,445;44,61;562.495;25.092.903
2011-04-20;44,14;44,935;44,125;44,66;562.555;25.123.706
2011-04-19;43,725;44,115;43,52;43,88;580.938;25.491.560
2011-04-18;44,26;44,355;43,615;43,745;719.214;31.462.016
2011-04-15;43,12;44,185;43,12;44,05;1.043.520;45.967.055
2011-04-14;43,82;43,82;42,71;43,13;618.898;26.693.071
2011-04-13;43,07;43,845;43,07;43,545;371.160;16.162.161
2011-04-12;43,195;43,71;43,055;43,29;417.914;18.091.497
2011-04-11;43,59;43,95;43,325;43,615;305.727;13.334.284
2011-04-08;44,04;44,05;43,455;43,64;311.272;13.583.910
2011-04-07;43,825;44,17;43,58;43,735;421.147;18.418.864
2011-04-06;43,32;43,925;43,035;43,805;444.076;19.452.749
2011-04-05;43,455;43,64;42,81;43,34;387.907;16.811.889
2011-04-04;43,505;43,785;43,13;43,58;422.149;18.397.254
2011-04-01;43,30;43,75;43,125;43,555;574.494;25.022.086
2011-03-31;42,81;43,225;42,625;43,065;416.182;17.922.877
2011-03-30;42,795;43,115;42,74;42,82;553.064;23.682.200
2011-03-29;42,47;42,545;41,995;42,43;390.397;16.564.545
2011-03-28;42,15;42,71;42,15;42,535;419.339;17.836.584
2011-03-25;42,38;42,635;41,85;42,21;641.887;27.094.050
2011-03-24;41,745;42,42;41,52;42,275;664.729;28.101.420
2011-03-23;41,425;41,90;40,92;41,745;711.636;29.707.244
2011-03-22;41,655;41,725;41,24;41,49;601.554;24.958.477
2011-03-21;41,46;41,815;41,425;41,715;638.454;26.633.109
2011-03-18;41,205;41,97;41,17;41,26;1.189.646;49.084.792
2011-03-17;41,095;41,34;40,72;41,235;1.060.702;43.738.048
2011-03-16;41,90;42,055;40,91;41,07;1.237.793;50.836.159
2011-03-15;42,00;42,365;41,45;41,83;1.504.934;62.951.392
2011-03-14;43,005;43,95;42,61;43,135;865.692;37.341.623
2011-03-11;43,105;43,37;42,72;43,37;750.956;32.568.961
2011-03-10;43,145;43,475;42,745;43,285;700.519;30.321.965
2011-03-09;43,285;43,77;42,99;43,225;496.037;21.441.198
2011-03-08;43,065;43,405;42,895;43,285;704.356;30.488.049
2011-03-07;42,975;43,90;42,85;43,08;699.326;30.126.965
2011-03-04;43,20;43,20;42,305;42,90;969.585;41.595.198
2011-03-03;43,325;43,535;42,785;43,20;1.046.028;45.188.411
2011-03-02;43,50;43,81;43,015;43,205;777.167;33.577.502
2011-03-01;43,70;44,19;43,43;43,65;799.323;34.890.451
2011-02-28;43,21;43,795;43,15;43,50;585.358;25.463.073
2011-02-25;43,245;43,525;42,94;43,305;513.288;22.227.937
2011-02-24;43,10;43,65;42,725;43,105;764.783;32.965.971
2011-02-23;43,325;43,74;42,945;43,28;888.426;38.451.076
2011-02-22;43,31;43,56;42,93;43,30;781.951;33.858.478
2011-02-21;43,55;43,84;43,175;43,525;685.256;29.825.769
2011-02-18;43,28;43,735;43,22;43,55;898.567;39.132.592
2011-02-17;42,77;43,325;42,77;43,225;763.108;32.985.342
2011-02-16;42,65;43,05;42,29;42,775;760.508;32.530.731
2011-02-15;41,715;42,90;41,70;42,50;1.828.249;77.700.583
2011-02-14;41,725;41,80;41,45;41,515;468.437;19.447.162
2011-02-11;41,205;41,705;40,745;41,525;818.320;33.980.740
2011-02-10;41,79;41,955;41,32;41,435;605.195;25.076.255
2011-02-09;42,005;42,165;41,555;41,68;540.605;22.532.416
2011-02-08;41,525;42,10;41,52;42,10;703.549;29.619.411
2011-02-07;42,00;42,13;41,495;41,52;815.564;33.862.217
2011-02-04;41,465;41,95;41,43;41,85;635.131;26.580.231
2011-02-03;41,21;41,50;41,155;41,40;562.304;23.279.387
2011-02-02;41,015;41,65;40,655;41,21;1.297.946;53.488.353
2011-02-01;40,085;40,915;40,055;40,87;905.827;37.021.149
2011-01-31;39,905;40,255;39,765;40,02;483.945;19.367.479
2011-01-28;40,015;40,305;39,90;40,00;471.611;18.864.440
2011-01-27;40,25;40,40;39,735;40,105;808.956;32.443.180
2011-01-26;40,08;40,35;40,005;40,175;452.095;18.162.916
2011-01-25;40,035;40,30;39,84;40,065;526.353;21.088.332
2011-01-24;40,00;40,275;39,85;40,18;648.169;26.043.430
2011-01-21;39,985;40,465;39,665;39,90;2.266.944;90.451.070
2011-01-20;40,02;40,475;39,665;39,765;1.544.888;61.432.470
2011-01-19;40,605;40,77;39,995;39,995;1.215.617;48.618.601
2011-01-18;40,85;41,17;40,66;40,735;817.135;33.285.995
2011-01-17;40,70;41,13;40,65;40,72;699.482;28.482.908
2011-01-14;41,15;41,235;40,65;40,70;1.183.784;48.180.010
2011-01-13;41,365;41,94;41,06;41,095;782.904;32.173.441
2011-01-12;41,35;41,525;41,13;41,39;636.416;26.341.258
2011-01-11;41,85;42,055;40,88;41,215;1.258.196;51.856.548
2011-01-10;42,185;42,29;41,35;41,655;529.144;22.041.493
2011-01-07;42,725;42,875;42,065;42,065;582.624;24.508.078
2011-01-06;43,095;43,095;42,45;42,585;655.981;27.934.950
2011-01-05;41,77;42,99;41,77;42,875;1.764.273;75.643.205
2011-01-04;41,35;41,78;41,035;41,77;664.814;27.769.281
2011-01-03;41,795;41,95;41,12;41,305;497.115;20.533.335
2010-12-30;42,00;42,045;41,525;41,525;295.929;12.288.452
2010-12-29;41,65;42,065;41,63;41,905;446.303;18.702.327
2010-12-28;41,775;41,90;41,505;41,525;374.610;15.555.681
2010-12-27;41,745;41,745;41,05;41,455;314.058;13.019.275
2010-12-23;41,405;41,53;41,17;41,495;352.690;14.634.871
2010-12-22;40,795;41,26;40,665;41,095;657.220;27.008.457
2010-12-21;41,21;41,38;40,30;40,705;1.051.152;42.787.144
2010-12-20;42,00;42,00;41,04;41,18;940.446;38.727.566
2010-12-17;40,99;42,095;40,99;41,88;1.505.645;63.056.414
2010-12-16;41,00;41,60;40,75;41,19;1.604.249;66.079.015
2010-12-15;43,83;43,98;40,545;41,195;4.451.656;183.385.969
2010-12-14;43,00;43,84;42,84;43,70;1.062.237;46.419.758
2010-12-13;43,80;44,17;42,80;43,06;1.489.429;64.134.814
2010-12-10;46,41;47,23;43,73;43,97;3.262.533;143.453.579
2010-12-09;46,45;46,895;46,13;46,37;450.930;20.909.624
2010-12-08;46,52;46,69;45,875;46,19;547.514;25.289.671
2010-12-07;45,745;47,03;45,74;46,555;952.509;44.344.057
2010-12-06;44,51;45,635;44,51;45,585;644.805;29.393.435
2010-12-03;45,09;45,21;44,395;44,62;483.485;21.573.100
2010-12-02;44,92;45,265;44,62;45,085;753.186;33.957.390
2010-12-01;44,99;45,03;44,65;44,83;656.477;29.429.865
2010-11-30;44,75;45,365;44,605;44,725;793.838;35.504.403
2010-11-29;45,665;45,865;44,625;44,625;590.062;26.331.517
2010-11-26;45,55;45,68;44,98;45,505;368.449;16.766.272
2010-11-25;45,08;45,555;44,87;45,53;297.970;13.566.574
2010-11-24;44,89;45,16;44,605;45,12;381.575;17.216.664
2010-11-23;44,92;45,27;44,56;44,675;427.975;19.119.783
2010-11-22;45,85;45,96;44,705;44,90;610.883;27.428.648
2010-11-19;45,84;45,90;45,295;45,525;570.730;25.982.484
2010-11-18;45,865;46,14;45,61;45,85;410.844;18.837.197
2010-11-17;45,375;45,735;45,08;45,615;546.592;24.932.795
2010-11-16;45,96;45,97;45,265;45,33;596.919;27.058.339
2010-11-15;45,905;46,31;45,565;46,05;330.757;15.231.360
2010-11-12;45,51;46,18;45,15;46,01;701.621;32.281.581
2010-11-11;45,285;46,055;45,265;45,86;691.255;31.700.955
2010-11-10;45,08;45,455;44,805;45,21;810.299;36.633.617
2010-11-09;44,85;45,165;44,085;45,00;839.165;37.762.425
2010-11-08;45,02;45,765;44,735;44,915;564.302;25.345.625
2010-11-05;44,35;45,31;44,34;45,065;822.054;37.045.863
2010-11-04;44,70;45,355;44,315;44,92;1.698.991;76.318.672
2010-11-03;46,655;46,655;45,62;45,765;518.165;23.713.821
2010-11-02;46,965;47,065;46,145;46,285;639.318;29.590.834
2010-11-01;47,00;47,46;46,855;46,905;400.360;18.778.885
2010-10-29;47,305;47,385;46,55;46,81;739.639;34.622.502
2010-10-28;47,56;47,775;47,16;47,295;686.924;32.488.069
2010-10-27;48,45;48,67;47,55;47,67;959.297;45.729.686
2010-10-26;48,90;49,36;48,40;48,85;597.268;29.176.541
2010-10-25;47,85;49,03;47,795;49,00;865.045;42.387.205
2010-10-22;47,34;47,76;46,795;47,76;589.046;28.132.836
2010-10-21;46,535;47,415;46,40;47,415;584.712;27.724.120
2010-10-20;46,43;46,575;46,095;46,53;664.414;30.915.183
2010-10-19;47,005;47,18;46,74;46,975;407.863;19.159.364
2010-10-18;46,91;47,46;46,78;47,085;637.382;30.011.131
2010-10-15;46,61;46,87;46,30;46,82;793.923;37.171.475
2010-10-14;45,805;46,285;45,455;46,15;638.745;29.478.083
2010-10-13;45,595;46,175;45,54;45,72;609.871;27.883.303
2010-10-12;45,19;45,47;44,87;45,345;545.241;24.723.954
2010-10-11;45,59;45,785;44,96;45,16;551.904;24.923.985
2010-10-08;45,76;45,89;45,305;45,595;700.636;31.945.499
2010-10-07;45,55;45,78;45,185;45,57;607.943;27.703.963
2010-10-06;45,40;45,45;45,035;45,445;904.517;41.105.775
2010-10-05;45,67;45,67;45,305;45,40;690.094;31.330.269
2010-10-04;45,69;45,855;45,50;45,675;697.154;31.842.508
2010-10-01;44,90;46,14;44,805;45,685;1.344.719;61.433.489
2010-09-30;44,75;45,535;44,52;44,90;1.998.715;89.742.308
2010-09-29;42,89;47,12;42,60;44,50;4.492.953;199.936.409
2010-09-28;42,815;43,12;42,565;42,80;588.486;25.187.200
2010-09-27;42,675;43,075;42,53;42,92;793.751;34.067.791
2010-09-24;42,01;42,59;41,92;42,50;731.881;31.104.943
2010-09-23;42,345;42,395;41,59;41,93;626.430;26.266.210
2010-09-22;41,85;42,225;41,405;41,98;738.211;30.990.098
2010-09-21;42,365;42,434;41,86;41,905;655.198;27.456.072
2010-09-20;42,28;42,59;42,20;42,41;1.004.679;42.608.436
2010-09-17;42,905;43,04;42,27;42,27;2.060.238;87.086.260
2010-09-16;42,65;42,85;42,405;42,60;662.236;28.211.252
2010-09-15;43,16;43,41;42,74;42,805;806.156;34.507.508
2010-09-14;43,37;43,475;42,93;43,155;761.916;32.880.484
2010-09-13;43,81;43,895;43,335;43,565;566.998;24.701.267
2010-09-10;43,435;43,745;43,095;43,50;891.431;38.777.249
2010-09-09;43,885;44,23;43,68;43,94;959.429;42.157.309
2010-09-08;42,975;43,46;42,54;43,355;478.820;20.759.241
2010-09-07;43,23;43,39;42,69;43,07;343.780;14.806.605
2010-09-06;43,45;43,48;42,975;43,395;346.773;15.048.214
2010-09-03;43,425;43,67;43,16;43,39;481.534;20.893.760
2010-09-02;43,00;43,32;42,915;43,21;534.891;23.112.640
2010-09-01;42,26;43,15;42,005;43,15;437.055;18.858.924
2010-08-31;41,535;42,235;41,52;42,185;466.760;19.690.271
2010-08-30;42,40;42,50;41,745;42,01;244.760;10.282.367
2010-08-27;41,79;42,435;41,77;42,35;486.112;20.586.842
2010-08-26;42,50;42,545;41,855;42,00;660.141;27.725.922
2010-08-25;42,495;42,495;41,965;42,21;529.668;22.357.286
2010-08-24;42,00;42,475;41,60;42,475;510.946;21.702.430
2010-08-23;42,555;42,555;42,10;42,27;266.302;11.256.586
2010-08-20;42,62;42,77;42,125;42,485;553.440;23.512.899
2010-08-19;43,80;43,80;42,70;42,70;528.597;22.571.092
2010-08-18;43,65;43,87;43,36;43,57;284.379;12.390.393
2010-08-17;43,40;43,775;43,215;43,675;419.679;18.329.480
2010-08-16;42,89;43,34;42,605;43,155;320.670;13.838.514
2010-08-13;42,805;42,85;42,29;42,79;433.408;18.545.529
2010-08-12;42,785;43,135;42,585;42,79;524.386;22.438.477
2010-08-11;43,05;43,295;42,83;42,855;378.960;16.240.331
2010-08-10;43,395;43,505;43,115;43,365;445.001;19.297.469
2010-08-09;43,355;43,555;43,155;43,42;551.808;23.959.502
2010-08-06;43,25;43,58;42,07;43,13;1.544.965;66.634.342
2010-08-05;44,86;45,015;43,21;43,42;1.868.817;81.144.030
2010-08-04;45,74;45,94;45,265;45,85;494.620;22.678.326
2010-08-03;45,77;45,945;45,225;45,52;525.504;23.920.942
2010-08-02;45,535;46,20;45,535;45,995;374.297;17.215.790
2010-07-30;45,55;45,765;44,86;45,45;466.972;21.223.878
2010-07-29;46,84;47,215;45,54;45,545;610.582;27.808.956
2010-07-28;46,65;46,85;46,32;46,62;289.258;13.485.208
2010-07-27;47,20;47,315;46,56;46,56;435.028;20.254.904
2010-07-26;47,75;47,75;46,695;46,995;379.089;17.815.287
2010-07-23;47,25;48,375;47,25;47,48;596.006;28.298.365
2010-07-22;45,75;47,155;45,62;47,10;582.917;27.455.390
2010-07-21;45,255;46,35;45,21;45,98;641.759;29.508.079
2010-07-20;45,15;45,465;44,435;44,895;525.187;23.578.270
2010-07-19;45,50;45,845;44,98;45,075;262.347;11.825.291
2010-07-16;46,05;46,55;45,31;45,365;469.795;21.312.251
2010-07-15;45,885;46,555;45,67;45,97;576.788;26.514.945
2010-07-14;46,00;46,12;45,44;45,89;293.987;13.491.063
2010-07-13;45,81;45,99;45,41;45,685;693.225;31.669.985
2010-07-12;45,415;45,585;45,12;45,235;287.085;12.986.290
2010-07-09;44,86;45,47;44,715;45,335;306.388;13.890.100
2010-07-08;44,83;44,94;44,445;44,77;371.708;16.641.367
2010-07-07;44,40;44,73;43,945;44,65;276.352;12.339.117
2010-07-06;44,00;44,90;43,985;44,625;364.898;16.283.573
2010-07-05;44,16;44,26;43,80;44,04;187.857;8.273.222
2010-07-02;44,80;44,81;44,13;44,13;339.284;14.972.603
2010-07-01;44,935;45,50;44,515;44,705;986.734;44.111.945
2010-06-30;44,835;45,29;44,67;45,13;357.597;16.138.353
2010-06-29;45,705;45,82;44,80;45,18;294.011;13.283.417
2010-06-28;45,55;46,15;45,40;46,01;547.519;25.191.348
2010-06-25;45,245;46,00;45,17;45,63;501.587;22.887.415
2010-06-24;46,095;46,095;44,97;44,97;688.806;30.975.607
2010-06-23;46,29;46,40;45,78;45,895;301.950;13.857.995
2010-06-22;46,02;46,40;45,84;46,34;325.983;15.106.052
2010-06-21;46,48;46,505;45,85;46,02;429.935;19.785.609
2010-06-18;46,45;46,45;45,99;46,02;1.074.721;49.458.660
2010-06-17;46,04;46,415;45,87;46,415;599.352;27.818.924
2010-06-16;45,875;46,165;45,80;46,02;548.016;25.219.696
2010-06-15;45,88;46,10;45,64;45,85;284.151;13.028.323
2010-06-14;45,81;45,98;45,605;45,875;191.782;8.797.999
2010-06-11;45,49;45,865;45,27;45,66;479.234;21.881.824
2010-06-10;45,35;45,715;45,24;45,57;462.807;21.090.115
2010-06-09;44,705;45,49;44,54;45,46;704.645;32.033.161
2010-06-08;45,155;45,155;44,30;44,52;714.005;31.787.503
2010-06-07;44,59;45,06;44,215;44,935;634.456;28.509.281
2010-06-04;44,975;45,265;44,58;44,63;537.071;23.969.479
2010-06-03;45,22;45,71;44,755;44,94;611.912;27.499.325
2010-06-02;44,49;45,00;44,35;44,905;460.539;20.680.503
2010-06-01;44,245;44,825;43,75;44,62;594.286;26.517.041
2010-05-31;44,025;44,53;43,905;44,38;259.544;11.518.563
2010-05-28;43,95;44,155;43,75;44,035;451.704;19.890.786
2010-05-27;42,875;43,80;42,875;43,80;834.619;36.556.311
2010-05-26;42,32;42,98;42,18;42,70;666.080;28.441.617
2010-05-25;41,99;42,365;41,545;41,92;1.003.622;42.071.832
2010-05-24;41,77;42,225;41,445;42,09;495.676;20.863.003
2010-05-21;42,34;42,355;41,18;41,715;1.510.218;62.998.744
2010-05-20;43,435;43,575;42,325;42,535;819.892;34.874.106
2010-05-19;43,69;43,84;43,22;43,245;622.414;26.916.293
2010-05-18;43,535;44,03;43,401;43,83;766.085;33.577.507
2010-05-17;43,035;43,72;42,875;43,075;880.315;37.919.570
2010-05-14;44,51;44,59;43,415;43,615;624.668;27.244.896
2010-05-13;43,90;44,535;43,775;44,455;659.121;29.301.225
2010-05-12;42,705;43,57;42,35;43,46;1.030.058;44.766.320
2010-05-11;42,21;42,55;41,65;42,50;721.663;30.670.678
2010-05-10;41,50;42,485;41,42;42,485;1.402.163;59.570.896
2010-05-07;42,035;42,51;40,92;41,325;1.369.544;56.596.407
2010-05-06;43,00;43,425;42,60;42,71;995.839;42.532.283
2010-05-05;43,07;43,34;42,545;42,93;1.005.892;43.182.944
2010-05-04;42,935;43,665;42,635;42,965;961.378;41.305.606
2010-05-03;42,585;43,05;42,455;42,915;489.326;20.999.426
2010-04-30;42,15;42,795;41,405;42,605;616.757;26.276.932
2010-04-29;43,30;43,30;42,60;42,83;611.620;26.195.686
2010-04-28;43,565;43,735;42,74;43,015;925.513;39.810.941
2010-04-27;44,46;44,655;43,59;43,59;546.650;23.828.474
2010-04-26;44,645;44,77;44,225;44,51;535.647;23.841.647
2010-04-23;43,88;44,80;43,845;44,35;785.932;34.856.083
2010-04-22;43,73;44,485;43,34;43,655;629.374;27.475.321
2010-04-21;44,09;44,09;43,43;43,65;412.315;17.997.551
2010-04-20;43,68;44,16;43,54;44,02;393.061;17.302.545
2010-04-19;44,00;44,17;43,655;43,775;425.597;18.630.510
2010-04-16;44,525;44,865;44,055;44,105;906.016;39.959.836
2010-04-15;44,66;44,86;44,395;44,64;383.061;17.099.843
2010-04-14;44,835;45,29;44,635;44,62;641.172;28.609.094
2010-04-13;43,85;44,67;43,845;44,67;843.660;37.686.291
2010-04-12;44,26;44,45;43,795;43,915;476.462;20.923.829
2010-04-09;44,145;44,485;43,98;44,12;462.574;20.408.764
2010-04-08;43,95;44,09;43,26;43,93;511.579;22.473.665
2010-04-07;43,93;44,15;43,825;43,995;370.579;16.303.623
2010-04-06;44,52;44,68;43,99;43,99;544.931;23.971.516
2010-04-01;44,35;44,76;44,265;44,455;430.458;19.136.011
2010-03-31;44,15;44,70;44,03;44,285;594.506;26.327.698
2010-03-30;44,40;44,535;44,095;44,15;421.857;18.624.987
2010-03-29;44,825;44,825;44,235;44,235;413.028;18.270.294
2010-03-26;44,585;44,84;44,395;44,69;292.770;13.083.891
2010-03-25;44,64;44,835;44,465;44,68;347.718;15.536.040
2010-03-24;44,69;44,69;44,095;44,51;448.325;19.954.945
2010-03-23;44,17;44,74;43,715;44,73;495.559;22.166.354
2010-03-22;44,095;44,31;43,74;44,175;438.311;19.362.388
2010-03-19;44,24;44,45;43,95;44,115;979.232;43.198.822
2010-03-18;44,11;44,285;44,015;44,135;354.438;15.643.120
2010-03-17;44,175;44,35;43,905;44,025;473.896;20.863.272
2010-03-16;44,06;44,42;43,95;44,085;390.336;17.207.962
2010-03-15;44,255;44,485;43,975;44,00;336.095;14.788.180
2010-03-12;44,73;44,745;44,14;44,255;430.491;19.051.380
2010-03-11;45,07;45,225;44,58;44,78;441.238;19.758.637
2010-03-10;44,93;44,99;44,65;44,89;364.636;16.368.510
2010-03-09;44,93;45,145;44,675;44,885;392.362;17.611.168
2010-03-08;44,95;45,30;44,86;44,955;448.509;20.162.723
2010-03-05;45,19;45,30;44,825;45,03;579.425;26.091.507
2010-03-04;45,15;45,95;44,845;45,45;936.498;42.563.835
2010-03-03;46,24;46,295;45,16;45,26;802.824;36.335.813
2010-03-02;46,14;46,60;46,14;46,235;780.300;36.077.171
2010-03-01;45,475;46,315;45,39;46,055;617.666;28.446.608
2010-02-26;44,495;45,025;44,10;45,025;500.883;22.552.258
2010-02-25;44,395;44,945;43,93;44,065;541.865;23.877.281
2010-02-24;44,305;44,57;44,075;44,435;419.219;18.627.997
2010-02-23;44,10;44,435;44,06;44,205;367.423;16.241.934
2010-02-22;44,40;44,40;44,00;44,00;330.129;14.525.676
2010-02-19;43,755;44,365;43,46;44,33;619.897;27.480.035
2010-02-18;42,95;43,825;42,835;43,805;542.824;23.778.405
2010-02-17;42,845;42,97;42,575;42,95;486.767;20.906.643
2010-02-16;42,30;42,66;41,90;42,57;666.043;28.353.451
2010-02-15;42,93;43,045;42,35;42,385;180.576;7.653.713
2010-02-12;42,59;43,035;42,45;42,83;466.815;19.993.687
2010-02-11;42,31;42,40;41,95;42,285;535.116;22.627.380
2010-02-10;42,065;42,40;41,905;42,115;441.548;18.595.795
2010-02-09;41,95;42,155;41,62;41,87;387.661;16.231.366
2010-02-08;41,44;42,02;41,305;41,91;493.596;20.686.608
2010-02-05;41,71;41,865;41,13;41,275;766.187;31.624.370
2010-02-04;42,23;42,26;41,605;41,795;678.876;28.373.621
2010-02-03;41,71;42,47;41,49;42,22;696.186;29.392.974
2010-02-02;42,18;42,305;41,65;41,965;582.480;24.443.773
2010-02-01;42,31;42,31;41,995;42,275;385.282;16.287.797
2010-01-29;42,48;42,74;42,08;42,275;538.564;22.767.794
2010-01-28;42,80;43,015;42,30;42,23;592.376;25.016.038
2010-01-27;42,59;42,78;42,425;42,62;563.796;24.028.985
2010-01-26;42,115;43,00;41,91;43,00;566.502;24.359.586
2010-01-25;42,52;42,69;42,05;42,535;539.552;22.949.844
2010-01-22;42,83;43,08;42,63;42,685;504.690;21.542.693
2010-01-21;43,78;44,265;42,87;42,955;725.630;31.169.438
2010-01-20;44,50;44,515;43,305;43,435;418.117;18.160.912
2010-01-19;43,80;44,70;43,26;44,495;562.844;25.043.743
2010-01-18;42,67;43,885;42,60;43,845;759.585;33.304.005
2010-01-15;44,055;44,10;42,435;42,675;936.251;39.954.510
2010-01-14;43,865;44,10;43,595;43,775;669.959;29.327.457
2010-01-13;43,62;43,90;43,205;43,655;908.650;39.667.115
2010-01-12;45,11;45,30;43,63;43,755;1.237.212;54.134.212
2010-01-11;44,715;45,57;44,611;45,21;718.965;32.504.407
2010-01-08;45,75;46,02;44,14;44,38;978.115;43.408.745
2010-01-07;46,185;46,25;45,41;45,70;481.551;22.006.881
2010-01-06;46,25;46,40;46,15;46,165;342.784;15.824.624
2010-01-05;46,425;46,65;46,065;46,20;331.772;15.327.867
2010-01-04;45,85;46,62;45,80;46,445;336.203;15.614.948
2010-01-01; ; ; ;45,93;0;0
2009-12-31; ; ; ;45,93;0;0
2009-12-30;46,10;46,29;45,65;45,93;173.813;7.983.231
2009-12-29;45,89;46,21;45,77;45,96;206.945;9.511.192
2009-12-28;46,32;46,48;45,75;45,81;171.255;7.845.192
2009-12-25; ; ; ;46,09;0;0
2009-12-24; ; ; ;46,09;0;0
2009-12-23;45,91;46,34;45,87;46,09;187.389;8.636.759
2009-12-22;46,00;46,23;45,83;45,88;226.576;10.395.307
2009-12-21;45,98;46,26;45,76;45,99;316.748;14.567.241
2009-12-18;45,87;46,28;45,80;45,89;933.974;42.860.066
2009-12-17;45,82;46,16;45,76;45,82;334.081;15.307.591
2009-12-16;45,89;46,22;45,75;45,82;479.584;21.974.539
2009-12-15;45,47;45,90;45,37;45,90;416.949;19.137.960
2009-12-14;45,00;45,28;45,00;45,13;331.480;14.959.693
2009-12-11;44,95;45,45;44,75;44,83;615.362;27.586.680
2009-12-10;44,58;45,35;44,58;45,09;366.312;16.517.008
2009-12-09;45,23;45,25;44,41;44,57;361.734;16.122.484
2009-12-08;45,99;46,30;44,81;45,18;473.612;21.397.790
2009-12-07;46,47;46,63;46,05;46,25;303.318;14.028.458
2009-12-04;45,24;46,41;45,15;46,24;477.071;22.059.764
2009-12-03;45,06;45,73;45,06;45,46;600.987;27.320.868
2009-12-02;44,20;44,97;44,13;44,97;479.826;21.577.776
2009-12-01;43,70;44,24;43,52;44,24;569.045;25.174.552
2009-11-30;44,11;44,11;43,31;43,31;698.929;30.270.616
2009-11-27;43,77;44,27;43,40;43,79;823.680;36.068.948
2009-11-26;45,53;45,53;44,07;44,10;622.350;27.445.634
2009-11-25;44,81;45,429;44,68;45,30;581.036;26.320.930
2009-11-24;44,75;45,11;44,45;44,57;555.262;24.748.027
2009-11-23;44,34;45,00;44,29;44,84;417.807;18.734.466
2009-11-20;43,62;44,20;43,50;44,07;527.893;23.264.245
2009-11-19;43,96;44,10;43,25;43,42;386.676;16.789.471
2009-11-18;43,94;44,18;43,72;43,74;489.762;21.422.191
2009-11-17;43,51;43,94;43,36;43,82;434.684;19.047.853
2009-11-16;43,09;43,60;43,05;43,60;318.744;13.897.238
2009-11-13;42,59;43,07;42,45;42,91;414.353;17.779.887
2009-11-12;42,31;42,73;42,18;42,45;365.602;15.519.805
2009-11-11;42,45;42,67;41,95;42,23;578.069;24.411.854
2009-11-10;41,86;42,469;41,83;42,26;395.184;16.700.475
2009-11-09;41,51;41,86;41,51;41,74;448.873;18.735.960
2009-11-06;41,74;42,00;41,25;41,49;630.295;26.150.941
2009-11-05;41,63;41,99;41,50;41,65;667.538;27.802.959
2009-11-04;42,61;42,76;40,84;41,45;1.296.276;53.730.642
2009-11-03;41,95;43,38;41,33;42,77;1.375.295;58.821.367
2009-11-02;41,80;42,00;41,02;41,39;683.502;28.290.147
2009-10-30;42,06;42,71;41,79;41,90;1.048.312;43.924.275
2009-10-29;42,00;42,27;41,61;41,94;920.820;38.619.190
2009-10-28;42,00;42,22;41,51;41,65;891.345;37.124.521
2009-10-27;42,00;42,25;41,66;41,98;769.568;32.306.465
2009-10-26;42,49;42,72;42,01;42,07;535.191;22.515.485
2009-10-23;42,64;42,97;42,26;42,37;538.407;22.812.304
2009-10-22;42,11;42,49;41,91;42,38;546.540;23.162.366
2009-10-21;42,59;42,72;42,04;42,46;429.195;18.223.619
2009-10-20;42,50;42,77;41,99;42,35;417.327;17.673.798
2009-10-19;42,14;42,60;42,09;42,50;425.394;18.079.245
2009-10-16;41,94;42,10;41,58;41,94;646.648;27.120.416
2009-10-15;41,63;42,02;41,56;42,00;451.130;18.947.460
2009-10-14;41,56;42,01;41,40;41,49;461.256;19.137.512
2009-10-13;41,56;41,72;41,01;41,19;376.982;15.527.888
2009-10-12;41,43;41,97;41,38;41,54;550.299;22.859.421
2009-10-09;40,81;41,36;40,70;41,13;478.168;19.667.050
2009-10-08;40,70;41,00;40,57;41,00;628.891;25.784.531
2009-10-07;40,46;40,60;40,27;40,56;429.750;17.430.660
2009-10-06;39,36;40,40;39,30;40,40;492.371;19.891.789
2009-10-05;39,35;39,59;38,80;39,44;498.836;19.674.091
2009-10-02;39,78;39,96;38,96;39,39;466.786;18.386.700
2009-10-01;40,35;40,43;39,71;39,80;606.229;24.127.914
2009-09-30;40,00;40,48;39,76;40,13;567.424;22.770.726
2009-09-29;40,38;40,42;39,69;39,91;442.470;17.658.978
2009-09-28;39,23;40,18;39,03;40,36;551.108;22.242.719
2009-09-25;39,16;39,59;38,89;39,23;712.502;27.951.453
2009-09-24;38,90;39,00;38,18;38,37;575.833;22.094.712
2009-09-23;38,55;39,10;38,50;39,06;285.753;11.161.512
2009-09-22;38,67;38,94;38,47;38,59;315.064;12.158.320
2009-09-21;38,60;38,67;38,16;38,60;439.800;16.976.279
2009-09-18;39,00;39,19;38,57;38,57;1.076.675;41.527.355
2009-09-17;39,04;39,40;38,76;39,10;537.821;21.028.800
2009-09-16;38,82;38,95;38,55;38,84;689.484;26.779.559
2009-09-15;39,50;39,54;38,51;38,88;573.867;22.311.950
2009-09-14;38,84;39,45;38,70;39,44;542.061;21.378.885
2009-09-11;38,74;39,22;38,43;38,92;720.955;28.059.567
2009-09-10;38,42;38,87;38,31;38,42;976.711;37.525.235
2009-09-09;38,11;39,64;37,80;38,28;1.849.902;70.814.247
2009-09-08;37,28;38,18;37,11;38,04;874.696;33.273.437
2009-09-07;35,99;37,77;35,90;37,28;1.230.277;45.864.725
2009-09-04;35,80;35,97;35,38;35,76;623.999;22.314.203
2009-09-03;35,19;35,96;35,01;35,60;635.687;22.630.456
2009-09-02;34,85;35,13;34,59;35,12;483.298;16.973.425
2009-09-01;35,56;35,79;34,83;34,91;650.729;22.716.949
2009-08-31;36,20;36,39;35,15;35,40;629.086;22.269.646
2009-08-28;35,98;37,20;35,75;36,24;1.194.164;43.276.506
2009-08-27;35,51;35,97;35,04;35,22;864.354;30.442.549
2009-08-26;34,30;35,81;34,24;35,58;1.433.866;51.016.955
2009-08-25;34,20;34,40;34,08;34,23;635.295;21.746.148
2009-08-24;34,23;34,45;33,94;34,35;396.757;13.628.602
2009-08-21;33,49;34,31;33,38;34,30;813.169;27.891.696
2009-08-20;33,67;33,80;33,31;33,61;490.333;16.480.093
2009-08-19;33,26;33,56;33,13;33,47;337.082;11.282.135
2009-08-18;33,61;33,71;33,23;33,33;429.923;14.329.334
2009-08-17;33,92;34,09;33,50;33,66;594.276;20.003.330
2009-08-14;34,20;34,36;33,89;34,06;598.262;20.376.804
2009-08-13;34,45;34,59;34,21;34,25;764.163;26.172.583
2009-08-12;34,54;34,56;34,19;34,36;533.173;18.319.825
2009-08-11;35,43;35,54;34,60;34,67;514.795;17.847.942
2009-08-10;35,60;35,68;35,21;35,50;419.273;14.884.192
2009-08-07;34,89;35,75;34,80;35,60;702.375;25.004.549
2009-08-06;35,00;35,47;34,67;35,00;834.814;29.218.490
2009-08-05;34,95;36,00;34,80;35,06;1.104.748;38.732.466
2009-08-04;34,80;35,26;33,35;34,80;1.594.976;55.505.163
2009-08-03;35,40;36,25;35,21;35,48;869.740;30.858.375
2009-07-31;34,48;36,07;34,47;35,33;768.779;27.160.964
2009-07-30;34,51;34,95;34,20;34,71;746.182;25.899.976
2009-07-29;33,86;34,62;33,86;34,46;433.744;14.946.818
2009-07-28;33,95;34,26;33,79;33,89;430.629;14.594.016
2009-07-27;33,80;33,95;33,60;33,80;449.977;15.209.222
2009-07-24;33,46;33,91;33,42;33,75;405.098;13.672.058
2009-07-23;33,24;33,59;32,72;33,46;544.274;18.211.408
2009-07-22;33,12;33,32;32,72;33,16;365.016;12.103.931
2009-07-21;33,08;33,25;32,86;32,96;407.844;13.442.538
2009-07-20;33,19;33,46;32,80;32,92;349.151;11.494.050
2009-07-17;32,89;33,15;32,72;32,94;331.151;10.908.114
2009-07-16;32,43;33,30;32,35;32,83;558.757;18.343.993
2009-07-15;32,15;32,62;32,05;32,51;497.032;16.158.509
2009-07-14;31,83;31,98;31,47;31,97;348.703;11.148.035
2009-07-13;31,64;32,05;31,33;31,84;339.881;10.821.811
2009-07-10;32,00;32,08;31,62;31,74;481.168;15.272.272
2009-07-09;32,17;32,37;31,81;32,05;443.701;14.220.617
2009-07-08;32,51;32,63;32,09;32,24;377.923;12.184.238
2009-07-07;33,25;33,25;32,50;32,62;348.349;11.363.144
2009-07-06;33,16;33,19;32,45;33,09;492.911;16.310.425
2009-07-03;33,54;33,82;33,31;33,38;327.646;10.936.824
2009-07-02;34,08;34,08;33,21;33,41;465.088;15.538.590
2009-07-01;33,61;34,40;33,61;34,24;578.729;19.815.682
2009-06-30;33,85;33,92;33,27;33,51;560.043;18.767.040
2009-06-29;33,09;33,94;32,76;33,77;516.044;17.426.806
2009-06-26;33,55;33,82;32,96;33,22;376.750;12.515.635
2009-06-25;32,78;33,67;32,68;33,62;555.666;18.681.490
2009-06-24;32,49;32,83;32,12;32,83;448.461;14.722.976
2009-06-23;31,90;32,53;31,841;32,53;539.931;17.563.955
2009-06-22;32,96;32,96;31,92;31,95;554.738;17.723.880
2009-06-19;33,00;33,06;32,27;32,89;953.037;31.345.386
2009-06-18;33,29;33,35;32,88;32,98;490.454;16.175.173
2009-06-17;32,99;33,70;32,83;33,10;545.736;18.063.861
2009-06-16;33,04;33,59;33,00;33,00;375.070;12.377.310
2009-06-15;33,31;33,65;33,04;33,04;389.496;12.868.948
2009-06-12;33,45;33,78;33,12;33,54;373.138;12.515.049
2009-06-11;33,90;33,90;33,30;33,48;447.964;14.997.835
2009-06-10;33,97;34,55;33,75;33,86;507.615;17.187.844
2009-06-09;33,95;34,34;33,70;33,73;463.064;15.619.149
2009-06-08;34,18;34,24;33,51;33,85;483.164;16.355.100
2009-06-05;34,22;34,53;33,76;34,01;605.383;20.589.075
2009-06-04;35,14;35,282;34,31;34,64;521.259;18.056.411
2009-06-03;35,46;35,69;34,81;35,01;434.109;15.198.155
2009-06-02;34,82;35,71;34,61;35,52;554.191;19.684.864
2009-06-01;34,99;35,68;34,70;34,79;327.454;11.392.125
2009-05-29;34,15;34,78;34,00;34,71;703.205;24.408.245
2009-05-28;33,83;34,07;33,49;33,99;436.376;14.832.421
2009-05-27;34,26;34,45;33,71;34,10;443.918;15.137.603
2009-05-26;33,70;34,30;33,37;34,16;406.780;13.895.605
2009-05-25;33,65;34,47;33,31;34,05;400.252;13.628.580
2009-05-22;33,75;33,86;33,31;33,60;350.594;11.779.958
2009-05-21;33,69;33,83;33,48;33,57;228.796;7.680.682
2009-05-20;33,87;33,98;33,51;33,91;400.393;13.577.327
2009-05-19;33,52;33,95;33,26;33,76;646.194;21.815.508
2009-05-18;32,67;32,67;32,64;33,45;434.301;14.527.369
2009-05-15;32,93;32,94;32,44;32,80;568.582;18.649.489
2009-05-14;32,72;32,98;32,40;32,73;429.615;14.061.299
2009-05-13;33,36;33,72;32,84;32,95;997.829;32.878.467
2009-05-12;33,00;33,50;32,80;33,29;468.696;15.602.890
2009-05-11;33,29;33,44;33,00;33,29;810.100;26.968.230
2009-05-08;32,40;33,20;32,01;33,07;1.022.987;33.830.180
2009-05-07;31,62;32,61;31,62;32,00;1.112.864;35.611.648
2009-05-06;31,70;31,87;31,21;31,66;858.648;27.184.796
2009-05-05;31,68;32,40;31,31;31,70;1.204.688;38.188.611
2009-05-04;31,10;31,79;31,06;31,50;1.036.085;32.636.678
2009-05-01; ; ; ;31,16;0;0
2009-04-30;30,89;31,68;30,60;31,16;1.367.134;42.599.895
2009-04-29;31,00;31,00;30,07;30,61;827.226;25.321.389
2009-04-28;29,59;30,84;29,59;30,58;1.085.814;33.204.192
2009-04-27;29,70;29,88;29,40;29,75;696.977;20.735.066
2009-04-24;29,00;29,95;28,75;29,81;1.241.577;37.011.409
2009-04-23;29,65;29,87;28,71;28,83;1.402.830;40.443.589
2009-04-22;29,99;30,26;29,61;29,87;1.066.674;31.861.553
2009-04-21;30,30;30,48;29,57;30,10;1.674.159;50.392.186
2009-04-20;31,50;31,72;30,31;30,31;1.998.713;60.580.989
2009-04-17;34,30;34,74;30,75;31,38;3.274.993;102.769.277
2009-04-16;34,23;34,41;33,74;34,33;626.635;21.512.381
2009-04-15;33,37;34,07;33,23;34,07;464.389;15.821.733
2009-04-14;33,61;33,73;33,00;33,36;715.650;23.874.085
2009-04-13; ; ; ;33,94;0;0
2009-04-10; ; ; ;33,94;0;0
2009-04-09;33,60;34,17;33,43;33,94;676.508;22.960.681
2009-04-08;34,00;34,43;33,55;34,25;272.544;9.334.632
2009-04-07;34,11;34,69;33,90;34,31;418.142;14.346.452
2009-04-06;34,38;34,97;33,80;33,99;614.701;20.893.688
2009-04-03;34,20;34,70;34,04;34,29;405.241;13.895.714
2009-04-02;34,05;34,67;33,77;34,22;592.803;20.285.719
2009-04-01;33,62;34,16;33,20;33,98;417.126;14.173.941
2009-03-31;33,39;33,89;33,14;33,79;463.836;15.673.019
2009-03-30;33,40;33,95;32,611;33,24;555.127;18.452.423
2009-03-27;33,55;33,77;33,29;33,39;320.152;10.689.875
2009-03-26;33,90;33,90;32,93;33,63;470.989;15.839.361
2009-03-25;32,57;33,91;32,39;33,45;696.676;23.303.813
2009-03-24;32,37;32,66;32,10;32,56;497.822;16.209.085
2009-03-23;31,30;31,99;31,08;31,89;502.378;16.020.834
2009-03-20;32,05;32,09;30,50;31,15;1.144.784;35.660.022
2009-03-19;33,02;33,20;32,00;32,01;480.500;15.380.804
2009-03-18;32,85;33,12;32,51;32,99;453.715;14.968.059
2009-03-17;32,49;32,78;32,05;32,70;409.661;13.395.915
2009-03-16;32,82;32,94;32,10;32,61;367.210;11.974.718
2009-03-13;32,42;33,23;32,08;32,35;1.004.570;32.497.837
2009-03-12;30,97;32,51;30,64;31,85;1.015.981;32.358.995
2009-03-11;30,19;31,13;29,85;30,86;1.055.325;32.567.331
2009-03-10;30,30;30,50;29,46;30,20;1.264.091;38.175.549
2009-03-09;30,60;30,70;30,13;30,33;908.297;27.548.648
2009-03-06;31,30;31,45;30,63;30,72;558.385;17.153.587
2009-03-05;32,17;32,39;31,38;31,49;402.499;12.674.694
2009-03-04;31,81;32,56;31,41;32,34;544.065;17.595.062
2009-03-03;32,08;32,68;31,83;31,84;889.343;28.316.681
2009-03-02;32,83;32,83;32,15;32,40;762.447;24.703.284
2009-02-27;33,31;33,49;32,81;32,99;803.858;26.519.277
2009-02-26;34,03;34,45;33,59;33,65;421.424;14.180.918
2009-02-25;34,13;34,47;33,56;34,07;660.416;22.500.373
2009-02-24;33,39;34,08;33,06;34,01;500.065;17.007.210
2009-02-23;34,12;34,59;33,57;33,69;472.343;15.913.235
2009-02-20;34,61;34,85;34,07;34,21;460.459;15.752.302
2009-02-19;35,10;35,27;34,81;34,89;335.861;11.718.190
2009-02-18;35,00;35,35;34,44;34,84;428.137;14.916.293
2009-02-17;35,00;35,10;34,36;35,00;850.732;29.775.620
2009-02-16;35,15;35,73;35,10;35,38;221.800;7.847.284
2009-02-13;36,00;36,39;35,14;35,33;508.886;17.978.943
2009-02-12;36,23;36,48;35,30;35,55;669.605;23.804.457
2009-02-11;35,37;36,53;35,23;36,44;567.562;20.681.959
2009-02-10;35,51;36,15;35,50;35,82;710.600;25.453.692
2009-02-09;35,63;36,68;35,28;36,54;785.569;28.704.692
2009-02-06;35,60;36,05;35,12;35,57;1.391.685;49.502.235
2009-02-05;36,58;36,92;35,20;35,40;1.109.996;39.293.861
2009-02-04;37,78;37,90;36,57;36,88;1.610.241;59.385.690
2009-02-03;38,35;38,61;37,89;38,45;497.205;19.117.533
2009-02-02;38,17;38,57;37,609;38,26;492.208;18.831.877
2009-01-30;39,13;39,25;38,06;38,28;566.021;21.667.283
2009-01-29;39,70;39,70;38,96;39,03;284.054;11.086.627
2009-01-28;39,82;39,90;38,79;39,67;387.122;15.357.129
2009-01-27;39,41;39,79;38,80;39,78;301.458;11.991.999
2009-01-26;38,35;39,85;37,65;39,24;501.478;19.677.998
2009-01-23;39,57;39,57;36,69;38,50;1.659.720;63.899.220
2009-01-22;41,03;41,50;39,42;39,96;696.800;27.844.127
2009-01-21;40,06;41,10;40,06;40,93;644.172;26.365.960
2009-01-20;40,19;40,89;40,19;40,32;484.647;19.540.967
2009-01-19;39,92;40,66;39,50;40,16;532.824;21.398.212
2009-01-16;40,51;41,70;39,52;39,86;723.648;28.844.610
2009-01-15;40,10;40,57;39,69;40,20;950.648;38.216.051
2009-01-14;41,27;41,34;40,02;40,06;775.531;31.067.773
2009-01-13;40,49;40,69;39,55;40,54;735.429;29.814.292
2009-01-12;40,82;41,36;40,02;40,23;752.581;30.276.334
2009-01-09;41,38;41,42;40,40;40,86;807.468;32.993.143
2009-01-08;42,94;43,33;41,25;41,56;861.080;35.786.486
2009-01-07;44,03;44,20;42,60;42,99;550.577;23.669.306
2009-01-06;43,70;44,49;43,36;44,15;566.162;24.996.053
2009-01-05;42,73;43,70;42,31;43,58;567.806;24.744.987
2009-01-02;42,42;43,15;42,15;42,40;330.971;14.033.171
2009-01-01; ; ; ;42,00;0;0
2008-12-31; ; ; ;42,00;0;0
2008-12-30;42,43;42,75;41,88;42,00;420.743;17.671.206
2008-12-29;42,40;42,87;41,59;41,78;527.458;22.037.195
2008-12-26; ; ; ;41,04;0;0
2008-12-25; ; ; ;41,04;0;0
2008-12-24; ; ; ;41,04;0;0
2008-12-23;40,60;41,45;40,08;41,04;740.354;30.384.129
2008-12-22;40,60;40,74;39,82;39,95;896.329;35.808.344
2008-12-19;41,99;42,34;39,83;40,84;1.129.794;46.140.787
2008-12-18;40,80;41,99;40,41;41,40;451.868;18.707.336
2008-12-17;41,30;41,30;40,10;40,57;973.087;39.478.140
2008-12-16;41,10;41,11;40,07;40,95;525.976;21.538.718
2008-12-15;41,09;41,12;39,90;40,70;638.647;25.992.934
2008-12-12;40,48;40,95;39,80;40,34;899.224;36.274.696
2008-12-11;42,97;42,98;40,81;41,02;820.353;33.650.880
2008-12-10;43,07;43,31;42,50;43,19;608.079;26.262.931
2008-12-09;42,00;43,09;41,70;42,75;722.331;30.879.650
2008-12-08;43,69;43,70;42,15;42,15;706.806;29.791.874
2008-12-05;43,70;43,70;41,07;41,22;1.205.523;49.691.659
2008-12-04;43,95;45,91;43,42;43,42;1.312.189;56.975.244
2008-12-03;41,90;44,00;41,30;43,74;739.352;32.339.258
2008-12-02;41,90;42,14;41,45;41,75;791.468;33.043.789
2008-12-01;43,84;43,84;42,09;42,33;910.067;38.523.138
2008-11-28;42,00;43,50;41,75;43,50;706.144;30.717.264
2008-11-27;43,00;43,00;41,87;42,26;410.229;17.336.277
2008-11-26;42,85;43,04;41,85;42,11;588.925;24.799.632
2008-11-25;42,22;44,20;42,19;43,10;815.879;35.164.383
2008-11-24;40,71;42,41;40,69;42,22;429.391;18.128.888
2008-11-21;40,39;41,00;39,88;40,20;803.307;32.292.942
2008-11-20;41,55;41,88;39,80;40,58;963.143;39.084.345
2008-11-19;43,30;43,42;42,07;42,07;602.348;25.340.780
2008-11-18;43,46;43,46;41,90;42,86;463.667;19.872.768
2008-11-17;42,50;43,43;42,31;42,82;617.657;26.448.073
2008-11-14;43,02;43,339;42,15;42,86;603.327;25.858.596
2008-11-13;41,45;42,79;41,31;42,15;672.215;28.333.864
2008-11-12;42,90;43,70;42,29;41,99;594.140;24.947.940
2008-11-11;43,29;43,91;42,32;42,78;593.316;25.382.058
2008-11-10;45,50;45,63;43,68;43,79;579.632;25.382.086
2008-11-07;44,18;45,07;43,87;44,91;468.355;21.033.823
2008-11-06;44,00;45,50;43,10;44,24;792.662;35.067.368
2008-11-05;45,31;45,50;44,01;44,24;955.162;42.256.369
2008-11-04;42,55;45,25;41,02;45,25;1.041.375;47.122.219
2008-11-03;41,55;42,40;40,93;42,15;1.217.888;51.333.982
2008-10-31;40,99;41,53;39,70;41,32;1.609.888;66.520.572
2008-10-30;42,67;44,15;41,22;42,50;1.170.865;49.761.763
2008-10-29;39,71;41,49;39,68;41,22;821.150;33.847.804
2008-10-28;38,62;39,45;36,40;38,93;1.241.519;48.332.335
2008-10-27;37,38;38,65;36,42;37,50;1.164.709;43.676.588
2008-10-24;37,85;38,50;36,40;38,44;1.199.613;46.113.123
2008-10-23;36,55;39,75;36,42;38,91;922.540;35.896.031
2008-10-22;39,28;39,34;36,68;37,00;872.941;32.298.817
2008-10-21;40,00;40,69;39,35;39,41;931.309;36.702.888
2008-10-20;39,70;39,70;38,22;39,19;707.515;27.727.512
2008-10-17;39,61;39,66;37,51;38,90;919.929;35.785.240
2008-10-16;37,05;38,50;36,67;37,52;994.282;37.305.461
2008-10-15;40,20;40,20;38,23;38,69;766.815;29.668.072
2008-10-14;41,00;41,39;39,49;39,87;869.487;34.666.446
2008-10-13;39,00;39,99;38,00;39,61;1.087.846;43.089.581
2008-10-10;37,00;37,79;36,00;36,98;1.499.322;55.444.928
2008-10-09;38,00;39,28;37,90;38,59;1.204.998;46.500.873
2008-10-08;39,10;40,46;38,00;38,69;1.348.505;52.173.657
2008-10-07;40,64;41,44;40,31;40,49;971.637;39.341.584
2008-10-06;40,51;41,91;39,93;40,50;1.599.534;64.781.127
2008-10-03;44,24;44,24;41,12;42,10;1.172.207;49.349.912
2008-10-02;44,00;45,50;43,55;44,00;1.865.020;82.060.880
2008-10-01;44,50;45,19;44,27;44,49;1.396.791;62.143.234
2008-09-30;42,00;45,00;41,65;44,81;1.694.597;75.934.893
2008-09-29;41,69;43,42;41,49;42,39;1.141.300;48.379.706
2008-09-26;43,48;43,74;42,38;42,38;956.060;40.517.824
2008-09-25;41,97;44,47;41,97;43,54;1.266.149;55.128.129
2008-09-24;42,00;42,26;41,23;41,96;731.245;30.683.039
2008-09-23;42,82;42,82;41,46;41,86;1.144.992;47.929.366
2008-09-22;44,57;44,89;42,41;42,81;905.635;38.770.235
2008-09-19;43,46;44,57;42,79;44,13;1.529.682;67.504.868
2008-09-18;41,13;42,82;40,55;42,04;1.046.411;43.991.119
2008-09-17;41,97;41,97;40,84;41,00;936.541;38.398.181
2008-09-16;40,00;41,89;39,89;41,32;1.335.206;55.170.712
2008-09-15;39,75;40,94;39,75;40,35;1.164.525;46.988.581
2008-09-12;40,85;41,25;40,20;41,18;495.864;20.419.680
2008-09-11;40,63;40,96;40,01;40,66;799.420;32.504.417
2008-09-10;41,21;41,23;39,92;40,63;1.481.430;60.190.502
2008-09-09;41,04;41,90;40,60;41,28;1.382.937;57.087.638
2008-09-08;41,35;41,49;40,33;41,13;974.108;40.065.063
2008-09-05;39,99;40,47;39,69;40,01;924.065;36.971.839
2008-09-04;40,75;40,98;40,20;40,20;967.772;38.904.435
2008-09-03;40,21;40,80;39,94;40,60;791.105;32.118.861
2008-09-02;39,42;40,60;38,70;40,33;978.633;39.468.271
2008-09-01;39,30;39,54;38,80;39,33;857.169;33.712.458
2008-08-29;38,96;39,84;38,36;39,65;927.845;36.789.056
2008-08-28;38,67;39,00;38,02;38,75;540.759;20.954.411
2008-08-27;38,41;38,96;37,92;38,62;557.211;21.519.488
2008-08-26;38,37;38,84;38,01;38,56;601.889;23.208.840
2008-08-25;39,95;39,95;38,32;38,59;413.309;15.949.594
2008-08-22;38,94;39,16;38,35;38,97;787.473;30.687.824
2008-08-21;39,36;39,36;38,50;38,66;657.094;25.403.254
2008-08-20;39,78;39,79;39,12;39,65;708.641;28.097.617
2008-08-19;39,93;39,93;39,30;39,56;545.487;21.579.466
2008-08-18;40,41;40,43;39,64;40,21;529.140;21.276.719
2008-08-15;39,73;40,86;39,33;40,65;556.595;22.625.588
2008-08-14;39,78;40,15;39,34;39,66;920.848;36.520.832
2008-08-13;40,70;40,88;39,67;39,92;618.822;24.703.373
2008-08-12;41,30;41,76;40,29;40,88;1.454.331;59.453.053
2008-08-11;37,62;39,11;37,62;39,02;739.495;28.855.095
2008-08-08;37,57;38,13;37,47;37,77;943.859;35.649.554
2008-08-07;38,00;39,09;37,40;37,78;1.360.356;51.394.248
2008-08-06;38,64;40,13;38,51;39,13;1.391.836;54.462.544
2008-08-05;39,30;39,89;37,32;39,64;2.722.560;107.922.276
2008-08-04;40,80;41,70;40,80;41,18;664.926;27.381.653
2008-08-01;41,95;41,95;40,71;41,17;504.282;20.761.289
2008-07-31;41,63;42,05;40,89;41,59;693.930;28.860.549
2008-07-30;41,69;42,31;40,92;41,85;489.525;20.486.620
2008-07-29;40,62;40,90;39,88;40,71;854.988;34.806.561
2008-07-28;41,03;41,82;40,81;41,14;494.199;20.331.346
2008-07-25;40,78;41,41;40,62;40,88;850.062;34.750.535
2008-07-24;42,15;42,15;40,91;41,60;735.293;30.588.187
2008-07-23;40,20;41,85;40,00;41,66;1.013.129;42.206.954
2008-07-22;40,00;40,26;38,92;40,14;793.285;31.842.459
2008-07-21;39,83;41,11;39,21;40,29;863.032;34.771.560
2008-07-18;40,98;40,99;38,52;39,59;1.558.506;61.701.253
2008-07-17;41,79;42,12;41,08;41,64;760.744;31.677.379
2008-07-16;42,13;42,13;40,01;40,84;1.022.614;41.763.556
2008-07-15;40,82;42,13;40,49;41,79;762.925;31.882.637
2008-07-14;41,40;41,83;40,86;41,41;694.615;28.764.007
2008-07-11;42,50;42,76;41,29;41,37;652.390;26.989.374
2008-07-10;43,18;43,61;42,15;42,39;908.253;38.500.844
2008-07-09;44,27;44,63;43,87;44,00;431.314;18.977.816
2008-07-08;43,30;44,10;42,72;43,98;577.725;25.408.346
2008-07-07;45,00;45,00;43,38;43,79;604.164;26.456.342
2008-07-04;44,57;44,57;43,67;43,95;606.581;26.659.236
2008-07-03;44,45;45,07;44,00;44,41;786.409;34.924.424
2008-07-02;46,39;46,48;44,59;44,75;856.739;38.339.070
2008-07-01;46,46;46,72;45,31;46,47;652.086;30.302.437
2008-06-30;46,43;46,90;44,83;46,77;637.962;29.837.483
2008-06-27;47,67;47,68;45,37;46,25;922.745;42.676.956
2008-06-26;48,32;48,94;47,48;47,64;639.604;30.470.734
2008-06-25;48,42;48,96;47,77;48,75;440.361;21.467.599
2008-06-24;48,70;48,70;47,21;48,00;544.908;26.155.584
2008-06-23;48,62;48,86;48,26;48,47;400.805;19.427.019
2008-06-20;50,00;50,00;48,30;48,50;1.052.265;51.034.853
2008-06-19;48,63;49,11;48,53;48,79;402.349;19.630.608
2008-06-18;48,82;49,06;48,54;48,96;338.662;16.580.891
2008-06-17;48,73;49,34;48,34;48,86;388.235;18.969.162
2008-06-16;49,00;49,00;48,00;48,36;395.229;19.113.275
2008-06-13;49,70;49,70;48,16;48,96;695.265;34.040.174
2008-06-12;49,87;50,22;49,41;49,76;523.742;26.061.401
2008-06-11;50,17;50,36;49,62;49,84;533.531;26.591.185
2008-06-10;49,95;50,34;49,58;50,13;415.843;20.846.210
2008-06-09;50,23;50,79;49,95;50,00;443.932;22.196.600
2008-06-06;51,38;51,60;50,29;50,53;306.003;15.462.331
2008-06-05;51,01;51,49;50,481;51,15;486.965;24.908.261
2008-06-04;51,34;51,37;50,15;50,60;416.201;21.059.770
2008-06-03;50,17;51,52;49,79;51,34;443.200;22.753.888
2008-06-02;50,42;50,43;49,87;50,00;418.880;20.944.000
2008-05-30;51,31;51,50;50,46;50,67;406.305;20.587.474
2008-05-29;50,19;51,12;50,19;50,88;291.433;14.828.111
2008-05-28;49,72;50,97;49,70;50,63;304.463;15.414.962
2008-05-27;50,02;50,25;49,09;49,80;857.348;42.695.930
2008-05-26;50,23;50,23;49,81;50,05;103.334;5.171.867
2008-05-23;51,08;51,08;49,81;50,00;512.461;25.623.050
2008-05-22;50,53;51,24;50,31;51,02;302.422;15.429.570
2008-05-21;51,75;51,75;50,33;50,62;612.482;31.003.838
2008-05-20;51,28;52,06;50,96;51,06;444.218;22.681.772
2008-05-19;51,20;51,87;51,20;51,61;410.555;21.188.744
2008-05-16;52,11;52,11;50,81;51,30;567.193;29.097.000
2008-05-15;51,58;52,31;51,24;51,59;903.050;46.588.350
2008-05-14;52,21;52,70;51,62;51,86;388.041;20.123.807
2008-05-13;53,06;53,42;52,00;52,31;329.663;17.244.672
2008-05-12;51,98;52,69;51,80;52,52;334.649;17.575.765
2008-05-09;51,68;52,30;51,51;52,01;598.221;31.113.473
2008-05-08;50,62;51,94;50,19;51,86;805.791;41.788.322
2008-05-07;51,00;51,39;50,15;50,76;1.504.737;76.380.447
2008-05-06;52,99;52,99;50,53;50,70;2.128.870;107.933.711
2008-05-05;53,06;53,95;53,06;53,50;205.878;11.014.473
2008-05-02;54,46;55,03;53,12;53,65;742.770;39.849.612
2008-05-01; ; ; ;54,69;0;0
2008-04-30;53,59;54,87;53,02;54,69;836.580;45.752.559
2008-04-29;52,96;53,58;52,44;53,25;676.357;36.016.010
2008-04-28;52,24;53,30;52,29;53,20;363.551;19.340.914
2008-04-25;51,50;52,52;51,38;52,20;514.241;26.843.381
2008-04-24;50,43;51,20;49,91;51,07;562.035;28.703.127
2008-04-23;51,29;51,29;50,00;50,13;497.015;24.915.362
2008-04-22;50,32;51,28;50,32;51,00;368.631;18.800.181
2008-04-21;51,49;51,72;50,50;50,57;382.242;19.329.978
2008-04-18;51,00;51,50;50,71;51,16;356.456;18.236.289
2008-04-17;51,41;51,78;50,55;50,85;407.005;20.696.203
2008-04-16;51,01;51,40;50,30;50,91;719.227;36.615.847
2008-04-15;51,37;52,07;50,61;51,48;374.556;19.282.143
2008-04-14;50,62;51,28;50,52;51,00;246.530;12.573.030
2008-04-11;52,09;52,30;50,78;51,00;328.733;16.765.383
2008-04-10;51,17;52,02;50,77;51,85;565.397;29.315.833
2008-04-09;51,39;51,54;50,65;51,03;423.190;21.595.385
2008-04-08;52,36;52,92;51,36;51,69;538.849;27.853.104
2008-04-07;53,20;53,85;52,21;52,57;634.332;33.346.833
2008-04-04;52,73;52,89;52,41;52,69;462.133;24.349.787
2008-04-03;53,40;53,42;52,43;52,70;464.074;24.456.700
2008-04-02;53,91;53,91;52,67;53,39;358.437;19.136.951
2008-04-01;53,34;54,00;53,04;53,52;603.030;32.274.166
2008-03-31;52,03;53,54;51,50;53,29;553.282;29.484.398
2008-03-28;52,79;53,28;52,02;52,18;458.372;23.917.851
2008-03-27;52,34;53,31;52,10;53,06;513.533;27.248.061
2008-03-26;52,42;52,95;51,88;52,17;499.676;26.068.096
2008-03-25;54,05;54,10;52,12;52,79;724.192;38.230.096
2008-03-24; ; ; ;52,50;0;0
2008-03-21; ; ; ;52,50;0;0
2008-03-20;51,64;52,94;51,63;52,50;1.376.007;72.240.368
2008-03-19;52,85;53,17;51,91;52,31;807.520;42.241.372
2008-03-18;50,98;52,18;50,86;51,95;639.305;33.211.895
2008-03-17;50,60;51,74;50,581;50,61;541.244;27.392.359
2008-03-14;51,57;52,90;51,06;52,02;602.940;31.364.939
2008-03-13;51,00;51,94;50,80;51,65;774.969;40.027.150
2008-03-12;52,61;52,79;51,61;51,99;488.319;25.387.706
2008-03-11;51,49;52,67;51,21;52,35;528.140;27.648.128
2008-03-10;52,19;52,74;50,95;51,24;669.934;34.327.420
2008-03-07;52,00;52,49;51,30;52,08;868.509;45.231.950
2008-03-06;53,09;53,09;52,00;52,20;515.919;26.930.972
2008-03-05;52,43;52,85;51,92;52,67;586.729;30.903.015
2008-03-04;53,24;53,45;51,96;52,09;547.580;28.523.442
2008-03-03;52,16;53,36;51,92;53,36;838.808;44.758.796
2008-02-29;52,56;53,00;52,00;52,95;661.992;35.052.477
2008-02-28;53,17;53,80;52,29;52,53;467.712;24.568.911
2008-02-27;52,57;53,33;51,70;53,12;546.298;29.019.349
2008-02-26;52,58;52,78;52,03;52,49;239.700;12.581.853
2008-02-25;52,29;52,63;51,61;52,36;417.294;21.849.514
2008-02-22;51,49;51,98;51,25;51,66;288.031;14.879.681
2008-02-21;51,72;52,46;51,50;51,69;364.688;18.850.722
2008-02-20;51,23;51,91;50,76;51,60;451.419;23.293.220
2008-02-19;51,99;52,31;50,92;51,63;471.370;24.336.834
2008-02-18;52,11;52,86;51,90;52,41;217.875;11.418.829
2008-02-15;52,02;52,98;51,65;51,91;529.438;27.483.127
2008-02-14;52,80;53,50;52,02;52,12;677.729;35.323.235
2008-02-13;51,91;52,97;51,01;52,49;476.940;25.034.582
2008-02-12;51,12;52,14;50,35;51,96;417.308;21.683.323
2008-02-11;50,77;51,19;50,25;50,64;448.287;22.701.253
2008-02-08;51,50;51,88;50,72;51,36;505.521;25.963.559
2008-02-07;51,05;52,27;50,20;50,76;1.085.898;55.120.180
2008-02-06;49,34;52,04;49,34;50,80;688.033;34.952.076
2008-02-05;50,87;51,25;49,78;49,88;855.342;42.664.460
2008-02-04;51,98;52,25;51,16;51,20;370.750;18.982.400
2008-02-01;52,02;52,35;50,66;51,24;948.517;48.602.013
2008-01-31;50,00;51,68;49,38;51,55;1.171.718;60.402.062
2008-01-30;50,17;50,17;49,09;49,33;1.290.873;63.678.768
2008-01-29;50,65;50,68;49,29;50,30;723.776;36.405.932
2008-01-28;49,90;50,76;49,53;50,10;753.677;37.759.216
2008-01-25;51,00;52,43;50,20;50,65;1.027.347;52.035.128
2008-01-24;48,56;50,86;48,20;49,56;980.849;48.610.877
2008-01-23;48,14;48,89;45,85;46,91;1.483.602;69.595.770
2008-01-22;46,50;48,47;46,00;47,41;1.348.498;63.932.290
2008-01-21;49,14;49,15;47,05;47,20;1.130.989;53.382.682
2008-01-18;49,52;51,08;48,78;49,74;877.848;43.664.161
2008-01-17;48,51;50,35;48,51;49,47;864.985;42.790.809
2008-01-16;48,18;49,16;47,35;48,69;1.266.708;61.676.011
2008-01-15;49,00;50,19;47,54;48,51;1.326.630;64.354.819
2008-01-14;47,99;50,50;47,60;49,03;1.330.574;65.238.042
2008-01-11;49,17;49,43;46,49;46,83;1.490.709;69.809.905
2008-01-10;49,99;50,45;49,11;49,32;1.032.842;50.939.767
2008-01-09;50,61;50,66;49,42;49,75;719.216;35.780.996
2008-01-08;51,59;51,70;50,68;50,95;561.456;28.606.184
2008-01-07;50,87;51,28;50,51;51,15;448.514;22.941.492
2008-01-04; ; ; ;51,02;677.989;34.590.999
2008-01-03;52,01;52,41;50,56;51,18;588.536;30.121.272
2008-01-02;53,07;53,15;52,16;52,16;270.840;14.127.014
2008-01-01; ; ; ;53,00;0;0
2007-12-31; ; ; ;53,00;0;0
2007-12-28;52,66;53,26;52,52;53,00;94.890;5.029.170
2007-12-27;52,41;53,24;52,41;53,00;288.202;15.274.706
2007-12-26; ; ; ;52,98;0;0
2007-12-25; ; ; ;52,98;0;0
2007-12-24; ; ; ;52,98;0;0
2007-12-21;53,99;53,99;52,40;52,98;1.455.486;77.111.648
2007-12-20;53,00;53,74;52,85;53,01;612.206;32.453.039
2007-12-19; ; ; ;53,21;402.691;21.427.188
2007-12-18; ; ; ;53,20;536.015;28.515.999
2007-12-17; ; ; ;52,84;342.776;18.112.284
2007-12-14;52,80;53,22;52,50;52,97;428.113;22.677.146
2007-12-13;52,21;53,40;52,21;52,53;543.545;28.552.418
2007-12-12;52,25;53,34;52,25;53,10;481.297;25.556.870
2007-12-11;53,95;54,49;53,00;53,21;357.822;19.039.708
2007-12-10;53,39;54,50;52,91;54,30;460.563;25.008.570
2007-12-07;54,15;54,26;53,20;53,53;514.325;27.531.817
2007-12-06;54,49;55,42;53,59;53,92;788.673;42.525.247
2007-12-05;55,24;55,52;54,47;55,05;476.019;26.204.845
2007-12-04;54,95;55,13;54,10;54,47;380.244;20.711.891
2007-12-03;55,00;55,56;54,40;55,00;447.749;24.626.195
2007-11-30;55,05;55,34;54,489;55,01;550.655;30.291.530
2007-11-29;54,70;55,01;53,90;55,01;598.417;32.918.918
2007-11-28;53,47;55,10;53,10;54,66;588.429;32.163.529
2007-11-27;52,21;52,94;51,93;52,89;421.896;22.314.079
2007-11-26;53,80;54,59;52,25;52,86;669.987;35.415.513
2007-11-23;52,20;53,93;52,01;53,70;758.108;40.710.400
2007-11-22;52,04;54,12;50,58;53,64;988.938;53.046.633
2007-11-21;52,31;53,20;51,45;51,59;490.061;25.282.247
2007-11-20;52,58;53,61;51,76;53,04;705.755;37.433.246
2007-11-19;52,24;52,90;51,58;52,08;536.948;27.964.253
2007-11-16;51,00;53,54;51,00;52,44;956.053;50.135.418
2007-11-15;52,10;52,50;50,90;51,25;453.913;23.263.041
2007-11-14;51,98;52,24;51,47;51,88;459.863;23.857.693
2007-11-13;50,50;51,44;49,93;51,41;530.582;27.277.221
2007-11-12;49,11;50,95;49,06;50,34;374.743;18.864.563
2007-11-09;50,85;51,70;49,94;50,59;1.011.099;51.151.498
2007-11-08;50,21;51,52;50,20;50,40;906.029;45.663.863
2007-11-07;53,30;53,30;51,01;51,94;667.300;34.659.561
2007-11-06;52,49;53,50;51,01;52,85;989.203;52.279.377
2007-11-05;53,44;53,49;52,29;52,37;579.265;30.336.107
2007-11-02; ; ; ;53,53;513.641;27.495.202
2007-11-01;54,81;55,03;53,50;53,86;514.797;27.726.967
2007-10-31;54,00;54,87;53,87;54,71;297.630;16.283.337
2007-10-30;55,07;55,16;53,65;53,94;471.758;25.446.626
2007-10-29;56,00;56,00;55,00;55,06;208.889;11.501.429
2007-10-26;55,07;55,47;54,76;55,25;370.300;20.459.075
2007-10-25;53,66;55,54;53,22;55,15;814.368;44.912.397
2007-10-24;53,80;54,28;53,20;53,50;222.542;11.905.997
2007-10-23;53,89;54,25;53,49;54,11;382.233;20.682.628
2007-10-22;53,05;53,75;53,05;53,42;289.849;15.483.733
2007-10-19;54,41;55,00;54,00;54,19;295.361;16.005.612
2007-10-18;55,70;55,79;54,20;54,55;348.084;18.987.982
2007-10-17;54,45;55,74;54,45;55,60;484.321;26.928.247
2007-10-16;55,55;56,11;53,75;54,73;831.579;45.512.319
2007-10-15;56,64;56,72;55,75;56,21;580.771;32.645.137
2007-10-12;55,60;56,50;54,96;56,39;404.808;22.827.123
2007-10-11;55,10;55,92;54,92;55,83;569.238;31.780.559
2007-10-10;55,48;55,48;54,68;54,81;528.255;28.953.657
2007-10-09;54,99;55,30;54,27;55,12;614.819;33.888.823
2007-10-08;54,75;55,17;54,50;54,72;569.124;31.142.466
2007-10-05;54,29;55,80;54,15;54,96;891.678;49.006.622
2007-10-04;53,75;54,32;53,20;54,07;518.265;28.022.589
2007-10-03;53,28;54,44;52,43;54,28;632.994;34.358.914
2007-10-02;53,17;53,33;52,17;53,00;709.582;37.607.846
2007-10-01;52,60;53,00;52,14;52,39;290.949;15.242.818
2007-09-28;52,77;52,89;52,05;52,52;345.858;18.164.462
2007-09-27;52,95;53,70;52,32;52,66;536.113;28.231.711
2007-09-26;51,07;52,90;51,07;52,32;514.733;26.930.831
2007-09-25;52,24;52,24;51,11;51,38;458.328;23.548.893
2007-09-24;52,19;52,40;51,86;52,00;454.478;23.632.856
2007-09-21;52,49;52,49;51,57;52,01;977.676;50.848.927
2007-09-20;51,85;52,55;51,43;51,76;411.863;21.318.028
2007-09-19;52,46;53,00;51,85;52,57;1.005.599;52.864.339
2007-09-18;50,48;51,60;49,92;51,43;650.611;33.460.924
2007-09-17;50,41;51,15;49,80;50,60;492.618;24.926.470
2007-09-14;49,77;51,29;49,77;50,71;808.642;41.006.235
2007-09-13;49,25;50,43;49,25;50,09;721.659;36.147.899
2007-09-12;48,50;49,90;48,29;49,51;887.015;43.916.111
2007-09-11;48,00;48,43;47,55;48,07;405.759;19.504.835
2007-09-10;47,79;48,21;47,31;47,47;396.042;18.800.114
2007-09-07;48,37;48,62;47,34;47,60;524.747;24.977.956
2007-09-06;48,96;49,11;47,66;48,12;726.430;34.955.811
2007-09-05;50,06;50,10;48,35;48,65;591.366;28.769.957
2007-09-04;49,22;50,07;49,00;49,94;475.392;23.741.076
2007-09-03;50,00;50,00;49,14;49,75;396.046;19.703.289
2007-08-31;48,84;49,62;48,44;49,27;706.346;34.801.667
2007-08-30;48,20;48,44;47,41;48,33;937.798;45.323.779
2007-08-29;47,94;48,09;47,27;47,50;1.031.199;48.981.953
2007-08-28;48,60;48,88;47,92;48,01;409.945;19.681.459
2007-08-27;48,80;49,12;48,39;48,60;326.024;15.844.766
2007-08-24;48,13;48,65;47,95;48,41;386.189;18.695.409
2007-08-23;48,82;49,50;47,94;48,60;1.246.668;60.588.062
2007-08-22;49,10;49,30;47,51;48,16;1.338.754;64.474.393
2007-08-21;48,91;49,85;48,15;48,37;577.242;27.921.195
2007-08-20;49,78;50,60;48,46;48,57;1.159.267;56.305.598
2007-08-17;49,01;50,30;48,56;49,03;924.778;45.341.864
2007-08-16;50,01;50,52;49,07;49,40;747.463;36.924.674
2007-08-15;51,01;52,18;50,78;51,18;798.194;40.851.569
2007-08-14;51,24;52,50;50,69;51,28;766.483;39.305.247
2007-08-13;49,49;51,43;49,22;51,20;994.870;50.937.345
2007-08-10;48,76;50,28;48,50;49,04;1.170.051;57.379.302
2007-08-09;50,99;50,99;48,59;49,52;1.899.319;94.054.277
2007-08-08;49,50;50,45;49,40;49,90;1.516.486;75.672.654
2007-08-07;49,99;50,82;47,38;48,08;1.574.049;75.680.279
2007-08-06;48,30;49,59;48,00;48,91;888.804;43.471.404
2007-08-03;51,02;51,02;48,65;49,12;918.834;45.133.125
2007-08-02;50,90;51,05;50,04;50,41;554.170;27.935.710
2007-08-01;50,00;50,73;49,50;50,25;701.267;35.238.667
2007-07-31;50,99;51,45;50,24;51,30;645.002;33.088.602
2007-07-30;51,28;51,28;49,36;50,17;754.683;37.862.445
2007-07-27;49,68;51,17;48,71;50,98;1.558.341;79.444.224
2007-07-26;52,70;52,70;49,32;50,43;744.846;37.562.584
2007-07-25;52,30;53,63;52,11;50,43;744.846;37.562.584
2007-07-24;53,88;54,00;52,80;53,15;575.272;30.575.708
2007-07-23;53,91;54,52;53,42;54,01;293.893;15.873.160
2007-07-20;54,46;54,91;54,00;54,14;332.394;17.995.811
2007-07-19;54,61;54,83;54,17;54,57;378.068;20.631.171
2007-07-18;54,74;54,83;53,95;54,01;635.760;34.337.396
2007-07-17; ; ; ;54,95;386.732;21.250.924
2007-07-16;54,73;55,99;54,73;55,55;357.421;19.854.736
2007-07-13;56,89;56,89;54,45;54,89;730.481;40.096.101
2007-07-12;54,97;56,50;54,97;56,28;445.508;25.073.190
2007-07-11;55,00;55,28;54,41;55,01;526.504;28.962.984
2007-07-10;56,20;56,83;55,05;55,71;646.501;36.016.570
2007-07-09;56,09;56,48;55,83;56,30;578.014;32.542.188
2007-07-06;54,40;55,95;54,40;55,78;774.365;43.194.079
2007-07-05;55,52;56,20;54,40;54,98;923.691;50.784.531
2007-07-04;53,14;55,23;53,03;54,60;816.719;44.592.856
2007-07-03;52,27;53,35;52,20;52,80;362.816;19.156.684
2007-07-02;52,19;52,49;51,80;52,12;467.575;24.370.009
2007-06-29;52,71;52,94;51,71;52,84;465.490;24.596.492
2007-06-28;52,40;52,91;51,82;52,46;432.985;22.714.393
2007-06-27;52,10;52,85;51,51;51,77;540.702;27.992.143
2007-06-26;53,06;53,16;52,20;52,60;632.649;33.277.336
2007-06-25;52,67;54,00;52,67;53,69;516.019;27.705.060
2007-06-22;53,02;53,60;52,79;53,29;458.738;24.446.148
2007-06-21;53,30;53,83;52,50;53,19;676.965;36.007.768
2007-06-20;53,75;54,09;53,19;53,83;497.178;26.763.093
2007-06-19;54,60;54,60;53,32;53,32;471.785;25.155.576
2007-06-18;54,59;54,88;53,80;54,23;458.130;24.844.390
2007-06-15;53,50;55,02;53,05;54,79;1.282.579;70.272.505
2007-06-14;52,19;53,06;52,16;52,91;628.882;33.274.147
2007-06-13;52,00;52,48;51,60;51,71;718.221;37.139.207
2007-06-12;52,90;52,99;52,35;52,63;543.872;28.623.984
2007-06-11;52,48;53,00;52,25;52,94;543.797;28.788.613
2007-06-08;51,60;52,69;50,77;51,98;556.686;28.936.538
2007-06-07;53,50;53,62;51,61;52,05;728.471;37.916.915
2007-06-06;54,95;55,23;52,55;53,18;1.231.283;65.479.630
2007-06-05;53,83;55,30;53,81;54,99;1.026.185;56.429.915
2007-06-04;53,61;54,25;53,42;53,90;381.681;20.572.607
2007-06-01;53,40;54,36;53,01;54,00;440.266;23.774.364
2007-05-31;52,81;53,45;52,57;53,41;626.420;33.457.092
2007-05-30;52,20;52,64;51,78;52,34;444.869;23.284.443
2007-05-29;52,46;53,05;52,45;52,94;310.286;16.426.541
2007-05-28; ; ; ;52,46;0;0
2007-05-25;52,38;52,86;52,25;52,46;433.140;22.722.524
2007-05-24;52,51;53,10;52,30;52,38;382.426;20.031.474
2007-05-23;53,09;53,53;52,75;53,09;408.610;21.693.105
2007-05-22;53,85;53,98;53,26;53,36;412.353;22.003.156
2007-05-21;53,39;53,85;53,02;53,43;399.720;21.357.040
2007-05-18;53,11;53,50;52,71;53,35;514.288;27.437.264
2007-05-17;52,67;53,17;52,57;53,11;179.566;9.536.750
2007-05-16; ; ; ;52,80;220.605;11.647.944
2007-05-15;52,98;52,99;52,20;52,86;346.695;18.326.298
2007-05-14;53,20;53,27;52,30;52,69;316.533;16.678.123
2007-05-11;52,30;52,97;51,36;52,72;530.491;27.967.486
2007-05-10;52,80;53,54;52,55;52,92;444.049;23.499.072
2007-05-09;53,83;53,90;51,67;52,74;532.977;28.109.208
2007-05-08;54,00;54,50;52,74;53,19;408.579;21.732.317
2007-05-07;53,66;54,40;53,45;54,04;250.532;13.538.750
2007-05-04;53,68;54,15;53,25;53,66;511.782;27.462.222
2007-05-03;54,65;55,47;52,95;53,22;767.581;40.850.662
2007-05-02;53,58;54,84;53,28;54,40;757.705;41.219.154
2007-05-01; ; ; ;53,05;0;0
2007-04-30;53,29;53,88;52,64;53,05;423.389;22.460.786
2007-04-27;53,67;53,89;53,03;53,29;509.378;27.144.754
2007-04-26;54,50;54,71;53,41;54,04;482.742;26.087.378
2007-04-25;53,53;54,43;53,45;53,95;461.348;24.889.725
2007-04-24;54,55;54,70;52,63;53,46;661.870;35.383.570
2007-04-23;54,61;54,95;54,02;54,54;309.311;16.869.822
2007-04-20;53,96;54,91;53,64;54,11;494.173;26.739.702
2007-04-19;53,62;53,78;52,80;53,56;532.952;28.544.910
2007-04-18;53,50;54,65;53,50;54,09;466.930;25.256.244
2007-04-17;54,25;54,35;53,14;53,53;812.489;43.492.535
2007-04-16;53,53;54,48;53,51;54,00;327.007;17.658.378
2007-04-13;53,02;54,25;53,02;53,64;556.985;29.876.675
2007-04-12;53,50;53,83;52,81;53,24;510.133;27.159.482
2007-04-11;53,36;54,12;52,95;53,30;660.810;35.221.172
2007-04-10;52,90;53,89;52,67;53,60;657.527;35.243.446
2007-04-09; ; ; ;52,59;0;0
2007-04-06; ; ; ;52,59;0;0
2007-04-05;52,47;52,97;52,09;52,59;420.462;22.112.097
2007-04-04;52,25;52,54;51,90;52,42;487.162;25.537.031
2007-04-03;51,20;52,33;51,20;51,89;655.341;34.005.644
2007-04-02;51,00;51,49;50,77;51,30;626.597;32.144.425
2007-03-30;51,00;51,35;50,55;51,05;422.205;21.553.565
2007-03-29;50,40;50,86;50,15;50,86;563.017;28.635.045
2007-03-28;50,70;50,70;49,71;49,89;389.368;19.425.569
2007-03-27;50,18;50,94;49,94;50,60;386.873;19.575.773
2007-03-26;50,30;50,88;49,48;50,18;573.855;28.796.044
2007-03-23;50,80;50,90;49,90;50,74;476.676;24.186.541
2007-03-22;50,66;50,80;50,10;50,80;453.631;23.044.454
2007-03-21;50,85;50,85;49,72;50,34;569.877;28.687.608
2007-03-20;49,93;50,54;49,67;50,40;464.502;23.410.902
2007-03-19;49,55;50,10;49,00;49,56;651.937;32.309.998
2007-03-16;50,25;50,25;48,80;48,80;1.114.689;54.396.822
2007-03-15;49,65;49,89;48,70;49,35;452.519;22.331.812
2007-03-14;48,10;49,00;48,10;48,49;631.253;30.609.459
2007-03-13;49,54;50,70;49,25;49,45;423.746;20.954.240
2007-03-12;50,70;51,20;49,50;49,54;682.247;33.798.517
2007-03-09;49,90;50,45;48,74;50,17;819.415;41.110.049
2007-03-08;49,48;49,94;49,11;49,52;817.889;40.501.863
2007-03-07;48,57;49,15;48,21;48,92;676.183;33.078.871
2007-03-06;48,74;48,80;48,06;48,19;635.707;30.634.720
2007-03-05;48,01;48,50;47,61;48,14;768.639;37.002.281
2007-03-02;47,94;49,02;47,94;48,56;641.173;31.135.362
2007-03-01;50,00;50,00;47,06;48,05;1.320.229;63.437.002
2007-02-28;48,50;51,00;43,66;49,00;2.942.146;144.165.154
2007-02-27;51,50;52,38;49,57;49,85;1.327.101;66.155.982
2007-02-26;52,10;52,40;51,55;51,78;442.048;22.889.245
2007-02-23;52,05;52,75;51,81;52,25;578.365;30.219.571
2007-02-22;51,35;51,86;51,11;51,64;639.392;33.018.202
2007-02-21;51,31;51,74;51,03;51,20;339.268;17.370.522
2007-02-20;51,47;51,70;51,07;51,33;348.641;17.895.743
2007-02-19;51,15;51,92;50,92;51,70;416.915;21.554.506
2007-02-16;51,56;51,70;51,03;51,15;340.332;17.407.982
2007-02-15;51,40;51,87;51,19;51,62;630.044;32.522.871
2007-02-14;51,30;52,01;51,21;51,36;646.544;33.206.500
2007-02-13;50,90;50,90;50,28;50,70;415.261;21.053.733
2007-02-12;50,99;50,99;50,00;50,63;284.998;14.429.449
2007-02-09;51,33;51,33;50,27;50,68;459.705;23.297.849
2007-02-08;51,40;51,40;50,20;50,59;638.399;32.296.605
2007-02-07;51,46;51,46;50,80;51,13;500.859;25.608.921
2007-02-06;51,73;51,73;50,94;51,15;401.591;20.541.380
2007-02-05;51,35;51,80;51,20;51,40;435.051;22.361.622
2007-02-02;51,20;51,38;50,97;51,35;472.407;24.258.099
2007-02-01;51,99;51,99;50,45;50,99;689.418;35.153.425
2007-01-31;50,18;51,55;50,17;51,55;1.741.828;89.791.232
2007-01-30;48,95;50,24;48,94;49,88;1.386.948;69.180.968
2007-01-29;48,14;48,72;48,00;48,59;1.009.651;49.058.942
2007-01-26;48,00;48,20;47,70;47,96;1.426.090;68.395.275
2007-01-25;48,90;48,90;47,95;47,95;725.634;34.794.151
2007-01-24;48,46;48,90;48,20;48,90;655.570;32.057.374
2007-01-23;48,44;48,45;47,99;48,25;946.011;45.645.031
2007-01-22;48,47;48,63;48,16;48,20;754.814;36.382.036
2007-01-19;48,50;48,57;48,24;48,24;459.224;22.152.967
2007-01-18;48,50;48,85;48,20;48,34;2.147.969;103.832.821
2007-01-17;48,50;48,52;47,72;47,81;2.881.146;137.747.593
2007-01-16;49,36;50,27;49,25;49,85;711.694;35.477.944
2007-01-15;48,60;49,40;48,43;49,29;412.005;20.307.727
2007-01-12;48,14;48,85;47,70;48,64;459.524;22.351.247
2007-01-11;47,72;48,52;47,70;48,19;443.552;21.374.770
2007-01-10;47,76;48,28;47,50;47,83;643.311;30.769.566
2007-01-09;50,04;50,50;48,10;48,44;860.328;41.674.287
2007-01-08;49,67;50,10;49,31;49,56;269.487;13.355.776
2007-01-05;50,65;50,65;49,40;49,55;282.904;14.017.893
2007-01-04;50,41;50,81;50,15;50,59;425.845;21.543.499
2007-01-03;49,95;50,35;49,75;50,26;418.567;21.037.177
2007-01-02;49,50;50,42;49,01;50,15;215.343;10.799.452
2007-01-01; ; ; ;49,12;0;0
2006-12-29;49,75;49,75;48,90;49,12;81.623;4.009.322
2006-12-28;49,35;49,58;48,99;49,46;115.655;5.720.296
2006-12-27;49,00;49,36;48,61;49,26;119.687;5.895.781
2006-12-26; ; ; ;48,42;0;0
2006-12-25; ; ; ;48,42;0;0
2006-12-22;48,90;49,28;48,21;48,42;140.821;6.818.553
2006-12-21;48,95;49,35;48,80;48,82;216.264;10.558.008
2006-12-20;49,00;49,53;48,76;49,30;334.644;16.497.949
2006-12-19;49,65;50,18;48,83;48,86;334.846;16.360.576
2006-12-18;49,70;50,00;49,50;49,79;193.043;9.611.611
2006-12-15;49,89;50,19;49,57;49,68;594.146;29.517.173
2006-12-14;49,59;49,79;49,14;49,65;313.884;15.584.341
2006-12-13;47,96;49,37;47,90;49,15;685.400;33.687.411
2006-12-12;47,18;47,94;47,03;47,80;380.359;18.181.160
2006-12-11;46,24;47,93;46,24;47,30;458.161;21.671.015
2006-12-08;46,45;46,63;45,94;46,21;517.261;23.902.630
2006-12-07;45,30;46,35;45,30;46,20;376.651;17.401.277
2006-12-06;45,85;45,85;45,40;45,63;249.731;11.395.226
2006-12-05;45,54;45,86;45,33;45,51;204.394;9.301.971
2006-12-04;44,91;45,44;44,91;45,14;228.994;10.336.789
2006-12-01;44,31;45,36;44,31;45,13;481.482;21.729.283
2006-11-30;45,11;45,54;44,56;44,64;437.792;19.543.034
2006-11-29;44,57;45,58;44,57;45,39;287.372;13.043.815
2006-11-28;44,80;45,19;44,21;44,70;324.225;14.492.858
2006-11-27;45,49;45,51;44,95;45,13;456.431;20.598.731
2006-11-24;45,39;45,56;44,76;45,25;241.045;10.907.286
2006-11-23;45,95;46,13;45,50;45,60;198.433;9.048.544
2006-11-22;45,69;46,00;45,47;45,79;316.879;14.509.890
2006-11-21; ; ; ;45,49;317.710;14.452.629
2006-11-20;45,25;45,78;44,08;45,78;546.896;25.036.898
2006-11-17;45,46;45,76;45,31;45,60;238.189;10.861.418
2006-11-16;45,44;45,80;45,19;45,33;262.059;11.879.135
2006-11-15;45,24;45,40;44,91;45,32;438.200;19.859.224
2006-11-14;45,46;45,70;45,07;45,20;348.583;15.755.952
2006-11-13;45,20;45,73;45,00;45,46;324.541;14.753.634
2006-11-10;45,11;45,94;45,11;45,43;386.571;17.561.921
2006-11-09;45,62;45,89;45,29;45,47;449.744;20.449.860
2006-11-08;46,30;46,35;44,82;45,76;1.639.318;75.015.188
2006-11-07;46,26;47,00;46,26;46,35;645.755;29.930.743
2006-11-06;45,12;46,40;45,06;46,05;449.404;20.695.054
2006-11-03;44,85;45,45;44,75;45,10;156.473;7.056.932
2006-11-02;44,86;45,33;44,80;45,00;381.294;17.158.230
2006-11-01;44,60;45,01;44,42;45,01;528.195;23.774.056
2006-10-31;43,50;44,60;43,50;44,50;299.743;13.338.564
2006-10-30;44,20;44,29;43,37;43,60;285.236;12.436.289
2006-10-27;44,43;44,80;44,21;44,47;389.710;17.330.404
2006-10-26;44,25;44,44;44,00;44,39;277.076;12.299.403
2006-10-25;43,34;44,25;43,21;44,06;484.547;21.349.141
2006-10-24;43,24;43,38;42,87;43,18;270.109;11.663.307
2006-10-23;43,10;43,62;42,49;43,21;285.554;12.338.788
2006-10-20;42,73;43,40;42,51;42,75;509.977;21.801.517
2006-10-19;41,80;42,62;41,80;42,54;289.902;12.332.431
2006-10-18;41,89;42,26;41,32;41,73;159.414;6.652.346
2006-10-17;42,19;42,19;41,25;41,50;225.565;9.360.948
2006-10-16;42,21;42,35;41,83;42,00;301.314;12.655.188
2006-10-13;42,10;42,35;41,05;41,92;654.346;27.430.183
2006-10-12;42,05;42,40;41,60;42,12;238.404;10.041.576
2006-10-11;41,92;42,18;41,70;41,88;252.554;10.576.962
2006-10-10;41,95;41,95;41,58;41,80;326.880;13.663.584
2006-10-09;41,78;41,85;41,48;41,83;141.963;5.938.313
2006-10-06;42,13;42,13;41,36;41,82;153.381;6.414.393
2006-10-05;41,97;42,19;41,68;41,92;230.642;9.668.512
2006-10-04;41,03;41,81;41,03;41,60;309.223;12.863.676
2006-10-03; ; ; ;41,05;205.484;8.435.118
2006-10-02;42,10;42,10;41,47;41,67;148.292;6.179.327
2006-09-29;41,49;42,09;41,37;41,97;219.276;9.203.014
2006-09-28;41,60;42,00;41,46;41,54;268.678;11.160.884
2006-09-27;42,15;42,15;41,42;41,80;305.548;12.771.906
2006-09-26;42,21;42,48;41,72;41,85;329.937;13.807.863
2006-09-25;41,40;42,35;41,40;42,10;257.419;10.837.339
2006-09-22;41,89;41,89;41,30;41,73;299.124;12.482.445
2006-09-21;41,90;42,40;41,65;42,00;267.112;11.218.704
2006-09-20;41,55;42,00;41,37;41,91;358.307;15.016.646
2006-09-19;41,31;41,75;40,99;41,25;270.911;11.175.079
2006-09-18;41,60;41,60;40,95;41,20;439.274;18.098.089
2006-09-15;41,47;41,85;41,13;41,61;644.454;26.815.732
2006-09-14;42,03;42,28;40,78;41,24;546.405;22.533.743
2006-09-13;41,95;42,82;41,94;42,19;289.427;12.210.925
2006-09-12;42,10;42,46;41,52;42,18;280.457;11.829.676
2006-09-11;41,95;42,20;41,50;42,10;231.092;9.728.973
2006-09-08;42,50;42,64;42,14;42,49;119.487;5.077.003
2006-09-07;42,50;42,64;42,19;42,43;155.356;6.591.755
2006-09-06;43,10;43,10;42,63;42,80;201.142;8.608.877
2006-09-05;42,75;43,09;42,26;43,03;210.881;9.074.209
2006-09-04;43,18;43,59;42,84;43,02;337.971;14.539.512
2006-09-01;43,39;43,58;42,84;43,18;226.338;9.773.275
2006-08-31;42,59;43,34;42,59;43,20;187.816;8.113.651
2006-08-30;42,17;42,90;42,12;42,82;190.993;8.178.320
2006-08-29;42,51;42,80;42,24;42,33;167.687;7.098.191
2006-08-28;42,55;42,76;42,01;42,75;113.992;4.873.158
2006-08-25;42,76;42,76;42,30;42,54;159.868;6.800.785
2006-08-24;42,52;42,78;41,63;42,55;352.878;15.014.959
2006-08-23;42,21;43,60;42,21;42,64;442.538;18.869.820
2006-08-22;41,40;42,48;41,27;41,87;345.888;14.482.330
2006-08-21;41,91;41,91;41,42;41,52;218.159;9.057.962
2006-08-18;41,74;42,05;41,53;41,79;239.505;10.008.914
2006-08-17;41,84;41,84;41,47;41,74;265.206;11.069.699
2006-08-16;41,45;42,19;41,37;42,04;211.088;8.874.140
2006-08-15;40,80;42,12;40,80;41,59;273.015;11.354.694
2006-08-14;41,09;41,58;41,00;41,25;260.090;10.728.713
2006-08-11;41,33;41,38;40,76;41,13;228.532;9.399.521
2006-08-10;40,75;41,02;40,41;40,87;223.111;9.118.546
2006-08-09;40,76;41,15;40,35;41,00;301.230;12.350.430
2006-08-08;41,27;41,48;40,43;40,76;321.591;13.108.049
2006-08-07;41,60;41,81;40,90;41,39;253.592;10.496.173
2006-08-04;41,50;42,30;41,26;42,23;479.804;20.262.123
2006-08-03;41,65;42,10;40,15;41,29;560.577;23.146.225
2006-08-02;41,14;42,25;41,13;42,01;541.180;22.734.971
2006-08-01;41,60;41,73;40,81;41,05;224.403;9.211.743
2006-07-31;41,90;41,90;40,68;41,24;414.322;17.086.640
2006-07-28;41,00;41,88;40,94;41,52;536.840;22.289.597
2006-07-27;41,56;41,80;40,92;41,30;430.221;17.768.127
2006-07-26;41,95;41,95;40,38;41,18;427.197;17.591.972
2006-07-25;41,25;42,42;40,70;41,75;405.148;16.914.929
2006-07-24;39,65;41,45;39,65;41,25;339.143;13.989.649
2006-07-21;40,30;40,89;39,85;40,03;616.905;24.694.707
2006-07-20;39,50;41,07;38,86;40,90;515.565;21.086.610
2006-07-19;38,45;39,00;37,79;39,00;427.572;16.675.308
2006-07-18;38,14;39,40;37,75;38,00;360.334;13.692.692
2006-07-17;39,26;39,26;38,01;38,47;306.297;11.783.246
2006-07-14;39,09;39,4067;38,7067;38,7067;285.192;11.038.832
2006-07-13;39,50;39,6367;38,8667;39,09;285.948;11.177.707
2006-07-12;39,6633;40,3233;39,38;39,65;299.676;11.882.153
2006-07-11;39,00;39,50;38,8333;39,3333;158.784;6.245.504
2006-07-10;38,8933;39,4033;38,8933;39,2167;117.906;4.623.880
2006-07-07;39,50;39,5533;38,8333;39,0867;287.361;11.231.984
2006-07-06;38,7633;39,8667;38,67;39,8133;371.829;14.803.752
2006-07-05;39,5033;39,5833;38,4833;38,8567;225.966;8.780.286
2006-07-04;38,9033;39,55;38,9033;39,38;240.216;9.459.706
2006-07-03;39,4667;39,4667;38,6667;38,9667;287.943;11.220.179
2006-06-30;39,59;39,60;38,90;39,27;249.366;9.792.603
2006-06-29;38,0833;39,47;38,0833;39,3933;331.515;13.059.481
2006-06-28;38,00;38,4033;37,9267;38,00;457.266;17.376.108
2006-06-27;39,00;39,20;38,1967;38,3633;291.387;11.178.576
2006-06-26;39,60;39,60;38,6667;38,95;366.579;14.278.252
2006-06-23;39,6233;39,6233;38,8433;39,55;357.678;14.146.165
2006-06-22;39,3333;39,80;38,7967;39,55;526.221;20.812.041
2006-06-21;38,40;39,90;38,40;38,9267;710.175;27.644.745
2006-06-20;37,6633;38,65;37,2533;38,5133;446.904;17.211.763
2006-06-19;36,7167;38,5867;36,7167;37,7567;387.060;14.614.095
2006-06-16;38,2233;38,5633;36,7667;36,8533;656.436;24.191.854
2006-06-15;35,6633;37,63;35,41;37,4133;697.776;26.106.126
2006-06-14;35,5667;36,1133;35,1733;35,31;393.552;13.896.321
2006-06-13;34,8933;35,81;34,5833;35,3333;639.501;22.595.702
2006-06-12;35,8367;36,1867;35,04;35,8367;467.727;16.761.777
2006-06-09;36,25;36,4333;35,7833;36,00;471.684;16.980.624
2006-06-08;36,67;37,03;35,4033;35,6167;751.365;26.761.116
2006-06-07;37,6967;37,6967;36,9333;37,25;407.490;15.179.003
2006-06-06;37,0267;38,32;37,0267;37,3833;452.784;16.926.576
2006-06-05;38,4067;38,4067;37,2367;37,8667;161.562;6.117.814
2006-06-02;37,80;38,54;37,7333;38,3333;362.742;13.905.110
2006-06-01;37,00;37,6467;36,9333;37,5267;440.505;16.530.685
2006-05-31;37,2033;37,50;37,00;37,3333;451.146;16.842.784
2006-05-30;39,0933;39,0933;37,09;37,8333;342.669;12.964.311
2006-05-29;38,71;38,9233;38,2067;38,7967;98.280;3.812.936
2006-05-26;38,2867;39,13;37,8333;39,02;237.105;9.251.837
2006-05-25;37,1167;38,7467;36,90;38,55;427.407;16.476.540
2006-05-24;37,1633;37,91;36,6733;36,8333;511.752;18.849.532
2006-05-23;36,4533;38,1633;36,4533;37,2333;616.272;22.945.860
2006-05-22;38,1167;38,1167;36,0667;36,5833;673.182;24.627.242
2006-05-19;38,7333;39,32;37,7333;38,2567;323.676;12.382.765
2006-05-18; ; ; ;38,9033;626.217;24.361.928
2006-05-17;39,7133;40,3333;39,2867;39,3333;559.488;22.006.528
2006-05-16;39,5567;40,0767;39,0067;39,3633;336.297;13.237.770
2006-05-15;39,42;39,81;38,8333;39,2533;502.446;19.722.681
2006-05-12;41,07;41,2567;39,5767;39,6133;373.689;14.803.066
2006-05-11;41,08;41,41;40,91;41,40;342.495;14.179.293
2006-05-10;40,8333;41,1833;40,50;41,0467;151.596;6.222.510
2006-05-09;40,7467;41,15;40,5933;40,90;183.423;7.502.001
2006-05-08;41,30;41,3733;40,7167;40,8433;302.970;12.374.305
2006-05-05;39,96;41,1667;39,96;41,1667;409.602;16.861.949
2006-05-04;39,7667;40,4333;39,5133;39,8767;284.484;11.344.273
2006-05-03;40,00;40,3333;39,5933;39,8867;311.334;12.418.076
2006-05-02;39,8833;40,3967;38,8333;40,0033;282.087;11.284.420
2006-05-01; ; ; ;39,9833;0;0
2006-04-28;40,00;40,18;39,6267;39,9833;320.871;12.829.492
2006-04-27;40,3367;40,6367;39,6667;39,8767;275.763;10.996.509
2006-04-26;40,90;41,00;40,12;40,3333;291.840;11.770.880
2006-04-25;40,5633;40,91;40,2333;40,84;190.791;7.791.904
2006-04-24;40,50;40,5967;39,7467;40,3333;272.241;10.980.387
2006-04-21;40,2033;40,8667;39,9033;40,7433;302.937;12.342.663
2006-04-20;40,00;40,3667;39,4367;40,2833;312.750;12.598.612
2006-04-19;39,2033;40,00;39,0433;39,8567;352.359;14.043.855
2006-04-18;39,3333;39,3333;38,7367;39,0933;123.711;4.836.275
2006-04-17; ; ; ;39,3333;0;0
2006-04-14; ; ; ;39,3333;0;0
2006-04-13;39,2733;39,3833;39,00;39,3333;127.422;5.011.932
2006-04-12;39,2967;39,77;39,02;39,02;439.059;17.132.082
2006-04-11;39,0433;39,75;38,75;39,1267;324.939;12.713.780
2006-04-10;39,19;39,5833;38,41;38,8333;406.332;15.779.226
2006-04-07;39,8367;39,9633;39,3133;39,3133;136.950;5.383.961
2006-04-06;40,1667;40,1667;39,5667;39,6367;112.242;4.448.899
2006-04-05;39,6733;40,1667;39,6733;40,1167;298.473;11.973.742
2006-04-04;40,1933;40,50;39,9633;40,0333;226.317;9.060.224
2006-04-03;40,2133;40,3333;39,6867;40,10;273.729;10.976.533
2006-03-31;39,5467;40,33;39,5467;39,6667;178.089;7.064.197
2006-03-30;39,0533;40,10;39,0533;39,8433;246.321;9.814.250
2006-03-29;39,1033;39,5333;39,0733;39,12;238.449;9.328.125
2006-03-28;39,8067;40,4967;39,00;39,2433;304.014;11.930.523
2006-03-27;40,0433;40,2067;39,8067;39,8067;93.105;3.706.200
2006-03-24;40,2867;40,50;39,8767;40,0367;111.288;4.455.601
2006-03-23;40,6667;40,9167;40,20;40,3067;210.108;8.468.753
2006-03-22;40,3833;40,6667;40,0033;40,3433;217.950;8.792.829
2006-03-21;40,67;40,7767;40,0467;40,49;163.599;6.624.124
2006-03-20;41,00;41,2967;40,60;40,7867;185.541;7.567.599
2006-03-17;40,6667;41,3833;40,50;41,0333;391.326;16.057.410
2006-03-16;41,1667;41,3333;40,3333;40,6667;434.952;17.688.048
2006-03-15;39,50;41,41;39,40;41,22;910.146;37.516.219
2006-03-14;39,00;39,4833;38,9467;39,3467;283.740;11.164.223
2006-03-13;37,5733;39,40;37,5333;39,00;442.290;17.249.310
2006-03-10;37,8133;37,93;37,6667;37,8167;119.184;4.507.141
2006-03-09;37,8333;37,8833;37,5833;37,8067;88.059;3.329.217
2006-03-08;37,8167;37,8333;37,44;37,68;296.892;11.186.891
2006-03-07;38,0867;38,2633;37,5733;37,77;158.094;5.971.210
2006-03-06;38,30;38,56;37,9033;38,10;160.464;6.113.679
2006-03-03;38,1233;38,5167;37,50;38,00;294.315;11.183.970
2006-03-02;38,61;39,3333;37,6667;38,1667;353.559;13.494.169
2006-03-01;38,3167;39,00;38,03;39,00;341.904;13.334.256
2006-02-28;38,1667;38,5467;37,94;38,0033;225.168;8.557.135
2006-02-27;38,4667;38,6367;38,0333;38,3267;202.869;7.775.293
2006-02-24;38,65;38,65;38,2333;38,5433;316.506;12.199.196
2006-02-23;37,8333;38,8933;37,7333;38,6267;886.092;34.226.779
2006-02-22;35,9333;37,8967;35,81;37,8333;889.626;33.657.517
2006-02-21;35,6667;36,1633;35,6167;35,9867;241.524;8.691.644
2006-02-20;36,1667;36,1667;35,4167;35,7433;206.355;7.375.816
2006-02-17;35,1667;36,2633;35,0667;36,2633;319.851;11.598.864
2006-02-16;35,3333;35,3333;34,9433;35,25;198.327;6.991.027
2006-02-15;34,70;35,2567;34,6667;35,2133;222.153;7.822.748
2006-02-14;34,6833;34,8333;34,5833;34,70;149.658;5.193.133
2006-02-13;34,9667;34,9667;34,4967;34,6667;236.472;8.197.696
2006-02-10;34,5667;34,72;34,50;34,6833;187.701;6.510.097
2006-02-09;34,7267;34,9667;34,50;34,5533;276.810;9.564.709
2006-02-08;34,4333;34,80;34,1567;34,6333;315.156;10.914.903
2006-02-07;35,10;35,1667;34,5067;34,6167;287.457;9.950.803
2006-02-06;35,0333;35,1633;34,8333;35,1067;125.004;4.388.474
2006-02-03;34,99;35,38;34,4233;35,00;283.188;9.911.580
2006-02-02;35,3633;35,6467;34,92;34,99;321.282;11.241.657
2006-02-01;34,9333;35,40;34,9333;35,3167;176.208;6.223.079
2006-01-31;35,75;35,75;34,92;35,1667;304.665;10.714.053
2006-01-30;35,2867;35,9333;35,1167;35,5833;354.255;12.605.574
2006-01-27;35,6333;35,75;35,00;35,3333;246.315;8.703.130
2006-01-26;35,4233;35,7867;35,27;35,5333;183.420;6.517.524
2006-01-25;35,46;35,46;35,1333;35,3333;159.126;5.622.452
2006-01-24;35,1167;35,40;35,00;35,1867;137.037;4.821.875
2006-01-23;35,2667;35,4667;35,14;35,4267;194.769;6.900.016
2006-01-20;35,9967;35,9967;35,45;35,4833;211.539;7.506.109
2006-01-19;35,4533;36,1167;35,3333;36,00;320.772;11.547.792
2006-01-18;35,2367;35,4667;34,3333;35,1267;210.630;7.398.730
2006-01-17;35,9167;36,1667;35,2933;35,5733;404.586;14.392.473
2006-01-16;35,6633;36,2667;35,4833;35,8533;348.192;12.483.844
2006-01-13;35,3333;35,7267;35,3333;35,6267;234.636;8.359.298
2006-01-12;35,39;35,75;35,39;35,5333;246.324;8.752.713
2006-01-11;35,1667;35,8367;35,1667;35,2533;254.343;8.966.439
2006-01-10;35,5667;35,5667;34,8333;34,9933;302.637;10.590.278
2006-01-09;35,6667;35,6667;35,00;35,4167;384.603;13.621.356
2006-01-06;35,5867;35,5867;35,1167;35,4933;177.234;6.290.626
2006-01-05;35,3533;35,5367;35,1667;35,40;261.417;9.254.162
2006-01-04;35,73;35,7333;34,9867;35,53;233.415;8.293.235
2006-01-03;34,7667;35,6667;34,7667;35,5533;319.701;11.366.437
2006-01-02;35,00;35,00;34,6667;34,8833;50.853;1.773.922
2005-12-30;34,2267;35,10;34,1967;34,6667;105.351;3.652.168
2005-12-29;34,0333;34,50;34,00;34,20;139.641;4.775.722
2005-12-28;34,45;34,6133;34,02;34,1667;209.418;7.155.115
2005-12-27;34,6633;34,7667;34,3367;34,60;59.613;2.062.610
2005-12-26; ; ; ;34,5567;0;0
2005-12-23;34,3333;34,65;34,1467;34,5567;87.012;3.006.845
2005-12-22;34,7667;34,77;34,3367;34,3367;160.278;5.503.412
2005-12-21;34,5333;34,9333;34,3633;34,7867;240.918;8.380.734
2005-12-20;35,0733;35,20;34,00;34,5067;287.637;9.925.394
2005-12-19;35,2567;35,5033;34,6667;35,1833;135.345;4.761.888
2005-12-16;35,1533;35,38;35,0833;35,1367;282.816;9.937.212
2005-12-15;34,80;35,39;34,7667;34,9667;377.256;13.191.385
2005-12-14;34,4333;34,8833;34,4333;34,7167;121.719;4.225.678
2005-12-13;34,9633;34,9833;34,45;34,50;192.690;6.647.805
2005-12-12;34,9833;35,0533;34,6967;34,8767;105.486;3.679.000
2005-12-09;34,4833;34,95;34,4833;34,7667;205.131;7.131.721
2005-12-08;34,6833;35,0833;34,50;34,6933;315.996;10.962.955
2005-12-07;35,00;35,00;34,6333;34,8033;337.110;11.732.552
2005-12-06;34,35;35,00;34,2367;34,6833;257.460;8.929.571
2005-12-05;34,1667;34,50;34,1667;34,2267;117.756;4.030.395
2005-12-02;34,0033;34,3333;33,8733;34,1733;267.084;9.127.150
2005-12-01;34,22;34,44;33,9167;34,20;290.610;9.938.862
2005-11-30;33,00;34,6633;33,00;34,20;561.201;19.193.074
2005-11-29;33,0667;33,1267;32,7767;33,00;176.049;5.809.617
2005-11-28;33,0033;33,55;32,9467;33,1333;425.478;14.097.505
2005-11-25;33,00;33,2167;32,8333;33,0033;285.267;9.414.762
2005-11-24;33,27;33,3033;32,9067;33,0267;330.333;10.909.798
2005-11-23;32,20;33,3333;32,1267;33,3333;769.509;25.650.300
2005-11-22;31,3133;32,00;30,9867;31,9167;340.218;10.858.625
2005-11-21;31,4667;31,4667;31,1033;31,1667;166.314;5.183.453
2005-11-18;31,2933;31,54;30,9867;31,1667;193.827;6.040.942
2005-11-17;31,5333;31,5333;30,9367;31,0767;213.930;6.648.232
2005-11-16;31,21;31,3333;30,9333;31,10;119.883;3.728.361
2005-11-15;31,0167;31,40;30,74;31,16;181.521;5.656.195
2005-11-14;31,00;31,53;30,9467;31,0567;259.593;8.062.093
2005-11-11;30,7833;31,3633;30,60;30,8333;634.869;19.575.128
2005-11-10;30,3567;30,6667;30,0467;30,6667;199.047;6.104.108
2005-11-09;30,05;30,48;30,05;30,2733;226.776;6.865.265
2005-11-08;30,24;30,3667;30,05;30,07;146.805;4.414.426
2005-11-07;30,6667;30,6667;30,0433;30,3333;291.168;8.832.096
2005-11-04;30,4167;30,9733;30,20;30,4333;217.275;6.612.403
2005-11-03;30,3667;30,51;30,1933;30,4167;277.683;8.446.191
2005-11-02;29,9667;30,50;29,9667;30,4433;158.460;4.824.051
2005-11-01;30,05;30,3133;29,7233;29,9867;130.326;3.908.042
2005-10-31;30,10;30,5267;29,9333;30,05;122.124;3.669.826
2005-10-28;30,0933;30,2767;29,24;29,9767;0;0
2005-10-27;30,4167;30,6633;29,9333;30,10;0;0
2005-10-26;30,7667;30,7667;30,4567;30,50;0;0
2005-10-25;30,9567;30,9567;30,3333;30,5833;0;0
2005-10-24;30,1767;30,7333;30,04;30,4533;0;0
2005-10-21;30,3333;30,4667;29,70;30,1367;0;0
2005-10-20;30,56;30,6667;30,1667;30,39;0;0
2005-10-19;30,4167;30,6767;29,69;30,30;0;0
2005-10-18;31,00;31,1333;30,62;30,6867;0;0
2005-10-17;30,8333;31,3233;30,8333;30,9867;0;0
2005-10-14;30,90;31,4667;30,4267;31,10;0;0
2005-10-13;31,3367;31,5967;30,7633;30,96;0;0
2005-10-12;31,4333;31,5367;31,3333;31,3633;0;0
2005-10-11;31,34;31,6633;31,34;31,6633;0;0
2005-10-10;31,5433;31,9167;31,40;31,40;0;0
2005-10-07;31,6667;31,6767;31,3833;31,57;0;0
2005-10-06;31,8333;31,8967;31,2867;31,6167;0;0
2005-10-05;31,8367;32,16;31,8333;31,8333;0;0
2005-10-04;31,85;32,2333;31,85;32,2333;0;0
2005-10-03;31,9833;32,00;31,88;31,9333;0;0
2005-09-30;31,9467;32,10;31,77;31,8333;0;0
2005-09-29;32,2333;32,2333;31,85;31,85;0;0
2005-09-28;32,23;32,3833;32,0167;32,20;0;0
2005-09-27;32,40;32,46;32,0167;32,2333;0;0
2005-09-26;31,7533;32,5333;31,7533;32,40;0;0
2005-09-23;32,00;32,2167;31,9067;32,15;0;0
2005-09-22;31,90;32,0167;31,70;31,7667;0;0
2005-09-21;32,8333;33,0767;32,1833;32,2867;0;0
2005-09-20;32,50;33,50;32,4833;33,09;0;0
2005-09-19;31,60;32,50;31,5667;32,40;0;0
2005-09-16;32,0433;32,40;32,0067;32,2933;0;0
2005-09-15;32,0367;32,3067;32,0367;32,30;0;0
2005-09-14;32,0033;32,30;31,9967;32,2033;0;0
2005-09-13;32,0833;32,3333;32,0467;32,1033;0;0
2005-09-12;32,3833;32,3833;31,9367;32,2533;0;0
2005-09-09;32,33;32,3333;32,17;32,3267;0;0
2005-09-08;32,21;32,3333;32,0733;32,3333;0;0
2005-09-07;32,33;32,3633;31,8333;32,3633;0;0
2005-09-06;31,9467;32,3333;31,80;32,2967;0;0
2005-09-05;31,9367;31,9967;31,6533;31,7167;0;0
2005-09-02;32,1667;32,1667;31,5033;31,7567;0;0
2005-09-01;31,9333;32,35;31,7067;32,10;0;0
2005-08-31;31,6633;31,7333;31,3533;31,6667;0;0
2005-08-30;31,53;31,9867;31,3133;31,3867;0;0
2005-08-29;31,2967;31,5633;30,8333;31,45;0;0
2005-08-26;31,3333;31,6667;31,1667;31,3333;0;0
2005-08-25;31,1333;31,4167;30,9067;31,36;0;0
2005-08-24;31,34;31,6333;31,0867;31,6333;0;0
2005-08-23;31,8567;31,95;31,0967;31,4133;0;0
2005-08-22;31,9833;32,1833;31,7933;31,8533;0;0
2005-08-19;31,70;32,2267;31,70;31,9167;0;0
2005-08-18;32,00;32,2333;31,71;32,0433;0;0
2005-08-17;31,7767;32,2367;31,7167;32,1667;0;0
2005-08-16;32,10;32,3333;31,89;31,9967;0;0
2005-08-15;31,5533;32,0867;31,5533;31,90;0;0
2005-08-12;31,8333;32,20;31,65;31,7033;0;0
2005-08-11;32,00;32,26;31,46;31,8333;0;0
2005-08-10;32,1033;32,6633;31,90;32,01;0;0
2005-08-09;31,3333;32,2333;30,71;32,0367;0;0
2005-08-08;30,6667;30,97;30,3767;30,9667;0;0
2005-08-05;30,7333;30,7833;30,35;30,7033;0;0
2005-08-04;31,05;31,0733;30,70;31,00;0;0
2005-08-03;31,1833;31,2633;30,3333;30,9333;0;0
2005-08-02;31,05;31,1767;30,7667;31,08;0;0
2005-08-01;31,3367;31,5633;31,1367;31,15;0;0
2005-07-29;31,49;31,49;31,3167;31,3367;0;0
2005-07-28;31,6267;31,6267;31,3333;31,3867;0;0
2005-07-27;31,6333;31,7833;31,1833;31,50;0;0
2005-07-26;31,0033;31,6267;31,0033;31,50;0;0
2005-07-25;31,82;32,0167;30,78;31,2667;0;0
2005-07-22;32,2833;32,2833;31,81;31,95;0;0
2005-07-21;32,00;32,2633;31,9033;32,2633;0;0
2005-07-20;31,6333;32,2233;31,5367;32,00;0;0
2005-07-19;31,8167;31,8167;31,2167;31,41;0;0
2005-07-18;31,3333;31,75;31,0533;31,6333;0;0
2005-07-15;31,04;31,4167;31,04;31,35;0;0
2005-07-14;31,3667;31,4633;31,0333;31,13;0;0
2005-07-13;31,1667;31,3667;31,0667;31,31;0;0
2005-07-12;30,3533;31,5833;30,33;31,2667;0;0
2005-07-11;30,5033;30,65;30,22;30,3467;0;0
2005-07-08;30,4067;30,9667;30,21;30,3333;0;0
2005-07-07;30,7667;30,80;29,41;30,1167;0;0
2005-07-06;30,50;30,9433;30,50;30,64;0;0
2005-07-05;30,80;30,99;30,50;30,70;0;0
2005-07-04;31,00;31,1733;30,8533;30,8533;0;0
2005-07-01; ; ; ;31,05;0;0
2005-06-30; ; ; ;30,9167;0;0
2005-06-29;30,9967;31,17;30,70;31,17;0;0
2005-06-28;30,39;30,8967;30,37;30,6833;0;0
2005-06-27;30,6667;30,6667;30,1333;30,3867;0;0
2005-06-24;31,10;31,1667;30,70;30,70;0;0
2005-06-23;31,2167;31,3067;31,04;31,2333;0;0
2005-06-22;31,3333;31,3333;30,95;31,10;0;0
2005-06-21;31,16;31,3767;31,0667;31,3333;0;0
2005-06-20;30,84;31,1567;30,6667;31,1133;0;0
2005-06-17;31,1967;31,3333;30,6933;31,1033;0;0
2005-06-16;31,30;31,4167;30,8767;31,0133;0;0
2005-06-15;31,65;31,80;31,0833;31,0833;0;0
2005-06-14;31,2333;31,5833;30,88;31,52;0;0
2005-06-13;31,0667;31,33;30,6667;31,0333;0;0
2005-06-10;30,5333;31,0833;30,3667;30,95;0;0
2005-06-09;30,4467;30,96;30,2333;30,95;0;0
2005-06-08;30,33;30,40;30,1333;30,30;0;0
2005-06-07;29,8333;30,15;29,8333;30,09;0;0
2005-06-06;29,6667;30,3333;29,6667;29,9667;0;0
2005-06-03;29,1833;30,15;29,1833;29,9533;0;0
2005-06-02;29,30;29,30;29,14;29,30;0;0
2005-06-01;29,00;29,2433;28,9033;29,2167;0;0
2005-05-31;29,0333;29,2733;28,90;28,90;0;0
2005-05-30;29,1667;29,33;29,0433;29,30;0;0
2005-05-27;29,23;29,23;29,00;29,10;0;0
2005-05-26;29,1033;29,15;28,97;29,0167;0;0
2005-05-25;29,3333;29,3333;28,9533;29,1267;0;0
2005-05-24;29,00;29,2567;28,7867;29,18;0;0
2005-05-23;29,0667;29,0667;28,73;28,9733;0;0
2005-05-20;28,8333;29,00;28,7367;28,8167;0;0
2005-05-19;28,8333;29,1933;28,6267;29,0233;0;0
2005-05-18;29,1667;29,5933;28,95;29,0333;0;0
2005-05-17;28,90;29,39;28,90;29,2667;0;0
2005-05-16;28,9167;29,10;28,68;28,87;0;0
2005-05-13;29,0867;29,1067;28,7667;29,1067;0;0
2005-05-12;28,5833;29,33;28,4233;29,09;0;0
2005-05-11;28,50;28,8067;28,2667;28,50;0;0
2005-05-10;28,0833;28,5833;28,0833;28,5233;0;0
2005-05-09;28,2333;28,3667;28,0067;28,0067;0;0
2005-05-06;28,63;28,64;28,18;28,18;0;0
2005-05-05;28,45;28,7267;28,2367;28,5733;0;0
2005-05-04;28,1667;28,40;28,1667;28,3567;0;0
2005-05-03;28,3333;28,3667;28,1167;28,32;0;0
2005-05-02;28,1967;28,66;27,93;28,2967;0;0
2005-04-29;28,1333;28,2667;27,80;27,9967;0;0
2005-04-28;28,60;28,60;28,15;28,1667;0;0
2005-04-27;28,4667;28,5867;28,0333;28,3333;0;0
2005-04-26;28,8667;28,8667;28,4733;28,5833;0;0
2005-04-25;28,94;29,0333;28,7833;28,8333;0;0
2005-04-22;29,04;29,1667;28,7333;28,8833;0;0
2005-04-21;29,1867;29,3667;29,16;29,3333;0;0
2005-04-20;29,30;29,4933;29,1667;29,2033;0;0
2005-04-19;29,3333;29,3333;29,0833;29,09;0;0
2005-04-18;29,4633;29,4633;28,9833;29,16;0;0
2005-04-15;29,90;29,9133;29,4333;29,50;0;0
2005-04-14;29,8333;30,0467;29,67;30,00;0;0
2005-04-13;29,7167;30,05;29,68;29,96;0;0
2005-04-12;29,7933;29,7933;29,4533;29,7067;0;0
2005-04-11;29,50;29,8167;29,1667;29,7833;0;0
2005-04-08;29,50;29,5567;29,2733;29,4867;0;0
2005-04-07;29,0933;29,4733;28,9567;29,2333;0;0
2005-04-06;28,6667;29,08;28,6667;29,08;0;0
2005-04-05;28,64;28,7333;28,4433;28,6733;0;0
2005-04-04;28,83;28,83;28,3333;28,6667;0;0
2005-04-01;28,5567;29,0933;28,47;28,9333;0;0
2005-03-31; ; ; ;28,70;0;0
2005-03-30;28,0667;29,0667;28,0667;28,8333;0;0
2005-03-29;27,5667;28,2367;27,47;28,0933;0;0
2005-03-28; ; ; ;27,62;0;0
2005-03-25; ; ; ;27,62;0;0
2005-03-24; ; ; ;27,62;0;0
2005-03-23;27,6333;27,99;27,3867;27,75;0;0
2005-03-22;27,87;28,1333;27,5067;28,0333;0;0
2005-03-21;27,50;28,0633;27,29;27,9167;0;0
2005-03-18;27,67;27,8833;27,00;27,3967;0;0
2005-03-17;28,3967;28,3967;27,70;27,80;0;0
2005-03-16;28,3367;28,3867;28,2833;28,3067;0;0
2005-03-15;28,4967;28,4967;28,3333;28,4233;0;0
2005-03-14;28,3333;28,45;28,3333;28,4233;0;0
2005-03-11;28,3333;28,60;28,3333;28,44;0;0
2005-03-10;28,3667;28,5667;28,3333;28,4667;0;0
2005-03-09;28,4833;28,7333;28,3333;28,3667;0;0
2005-03-08;28,2833;28,8467;28,2833;28,6667;0;0
2005-03-07;28,5333;28,5633;28,30;28,4667;0;0
2005-03-04;28,8833;28,8833;28,5033;28,60;0;0
2005-03-03;28,6633;28,8933;28,6033;28,75;0;0
2005-03-02;28,6833;28,8267;28,40;28,7167;0;0
2005-03-01;28,50;28,8033;28,45;28,6667;0;0
2005-02-28;28,90;28,90;28,5967;28,7967;0;0
2005-02-25;28,8067;28,9133;28,5933;28,8667;0;0
2005-02-24;28,8333;28,9633;28,5867;28,7333;0;0
2005-02-23;28,9667;28,9833;28,8333;28,95;0;0
2005-02-22;28,8333;29,0233;28,8333;28,9833;0;0
2005-02-21;29,0667;29,15;28,77;28,8667;0;0
2005-02-18;28,90;29,1233;28,8333;29,00;0;0
2005-02-17;28,89;29,1133;28,89;29,0167;0;0
2005-02-16;28,8333;28,9767;28,8333;28,9533;0;0
2005-02-15;29,00;29,13;28,91;28,9433;0;0
2005-02-14;28,85;29,05;28,6667;29,00;0;0
2005-02-11;29,1667;29,25;28,5733;28,7833;0;0
2005-02-10;29,1667;29,43;28,9933;29,02;0;0
2005-02-09;29,3833;29,7167;29,2433;29,4167;0;0
2005-02-08;29,8333;29,8333;29,3333;29,70;0;0
2005-02-07;29,40;29,9967;29,40;29,8333;0;0
2005-02-04;29,0633;29,47;29,06;29,4333;0;0
2005-02-03;28,75;29,1333;28,6833;29,0667;0;0
2005-02-02;28,9367;29,0333;28,6033;28,6933;0;0
2005-02-01;28,9167;29,19;28,8033;29,0667;0;0
2005-01-31;28,75;29,0333;28,75;28,92;0;0
2005-01-28;28,90;29,5833;28,68;28,83;0;0
2005-01-27;28,94;29,1167;28,70;28,5967;0;0
2005-01-26;28,6667;29,3233;28,61;29,12;0;0
2005-01-25;28,63;28,7667;28,43;28,6667;0;0
2005-01-24;28,50;28,5467;28,2933;28,4267;0;0
2005-01-21;28,48;28,4967;28,26;28,4233;0;0
2005-01-20;28,7033;28,90;28,45;28,5533;0;0
2005-01-19;28,8333;28,9633;28,5833;28,93;0;0
2005-01-18;29,2833;29,2833;28,7833;29,0967;0;0
2005-01-17;29,0667;29,2833;29,00;29,2833;0;0
2005-01-14;28,74;29,3633;28,74;29,1567;0;0
2005-01-13;28,42;28,9833;28,0933;28,9333;0;0
2005-01-12;29,1667;29,3933;28,3467;28,4467;0;0
2005-01-11;29,0767;29,7667;29,0333;29,18;0;0
2005-01-10;29,1133;29,1333;28,6733;28,80;0;0
2005-01-07;28,90;29,1333;28,8667;29,07;0;0
2005-01-06;29,0233;29,2867;28,85;29,0767;0;0
2005-01-05;29,00;29,29;28,9333;29,13;0;0
2005-01-04;28,5333;29,33;28,5333;29,1333;0;0
2005-01-03;28,3667;28,8033;28,2033;28,6267;0;0
2004-12-31; ; ; ;28,5333;0;0
2004-12-30;29,00;29,00;28,5333;28,5333;0;0
2004-12-29;28,84;29,0267;28,77;28,8767;0;0
2004-12-28;29,0167;29,0867;28,5167;29,0167;0;0
2004-12-27;29,0167;29,3333;29,0167;29,0633;0;0
2004-12-24; ; ; ;29,1667;0;0
2004-12-23; ; ; ;29,1667;0;0
2004-12-22;29,0667;29,3167;28,9833;29,10;0;0
2004-12-21;28,6767;29,1667;28,67;29,0933;0;0
2004-12-20;28,61;29,1433;28,37;28,8533;0;0
2004-12-17;28,4167;28,6167;28,3333;28,53;0;0
2004-12-16;28,01;28,5467;27,52;28,3433;0;0
2004-12-15;27,7833;28,3333;27,64;28,2667;0;0
2004-12-14;27,76;27,78;27,26;27,6233;0;0
2004-12-13;27,5633;27,82;27,1367;27,75;0;0
2004-12-10;27,4667;27,60;27,2467;27,50;0;0
2004-12-09;27,6967;27,6867;27,3467;27,5333;0;0
2004-12-08;27,87;28,10;27,50;27,70;0;0
2004-12-07;27,85;28,1233;27,85;27,9533;0;0
2004-12-06;28,1333;28,2333;27,72;27,72;0;0
2004-12-03;27,80;28,1767;27,6967;28,0667;0;0
2004-12-02;26,9833;27,75;26,8433;27,75;0;0
2004-12-01;26,95;27,13;26,51;26,9567;0;0
2004-11-30; ; ; ;26,9733;0;0
2004-11-29; ; ; ;27,26;0;0
2004-11-26;26,80;27,2767;26,5833;27,1667;0;0
2004-11-25;26,3967;26,80;26,26;26,7167;0;0
2004-11-24;26,09;26,3833;26,00;26,22;0;0
2004-11-23;26,2333;26,3667;26,0333;26,1333;0;0
2004-11-22;26,2333;26,49;26,0167;26,2167;0;0
2004-11-19;26,6167;26,6967;26,1167;26,4067;0;0
2004-11-18;26,3333;26,95;26,3333;26,3867;0;0
2004-11-17;26,1033;26,66;26,1033;26,4333;0;0
2004-11-16;26,4933;26,4933;26,1233;26,2733;0;0
2004-11-15;26,59;26,84;26,1967;26,27;0;0
2004-11-12;27,00;27,00;26,1867;26,4567;0;0
2004-11-11;26,8533;27,2933;26,56;26,69;0;0
2004-11-10;25,17;26,8667;25,17;26,8067;0;0
2004-11-09;24,6667;25,20;24,5733;25,0333;0;0
2004-11-08;24,66;24,70;24,50;24,6467;0;0
2004-11-05;24,50;24,7933;24,3333;24,5633;0;0
2004-11-04;24,4667;24,4667;24,24;24,3133;0;0
2004-11-03;24,6533;24,68;23,97;24,2733;0;0
2004-11-02;24,7633;24,7633;24,3333;24,43;0;0
2004-11-01;24,8833;24,8833;24,3867;24,50;0;0
2004-10-29;24,7333;24,81;24,34;24,81;0;0
2004-10-28;24,5733;24,70;24,5033;24,6233;0;0
2004-10-27;24,3167;24,6333;23,97;24,4533;0;0
2004-10-26;23,93;24,3633;23,85;24,07;0;0
2004-10-25;24,3333;24,3333;23,6667;23,7633;0;0
2004-10-22;24,0667;24,60;23,9867;24,59;0;0
2004-10-21;23,85;24,10;23,6667;24,02;0;0
2004-10-20;24,00;24,00;23,6667;23,86;0;0
2004-10-19;23,60;24,15;23,5433;23,88;0;0
2004-10-18;23,7333;23,9167;23,3667;23,4267;0;0
2004-10-15;23,74;24,1333;23,70;23,7567;0;0
2004-10-14;23,67;24,3167;23,6667;23,8567;0;0
2004-10-13;24,17;24,5667;23,6733;23,7767;0;0
2004-10-12;23,4333;24,0267;23,38;23,95;0;0
2004-10-11;24,2333;24,2467;23,32;23,4333;0;0
2004-10-08;25,07;25,13;23,9667;24,3667;0;0
2004-10-07;25,4167;25,4167;24,8667;25,00;0;0
2004-10-06;25,1333;25,3333;24,7333;25,24;0;0
2004-10-05;25,3333;25,3333;25,10;25,2667;0;0
2004-10-04;25,17;25,40;25,1667;25,2167;0;0
2004-10-01;25,2667;25,30;25,06;25,06;0;0
2004-09-30;25,4967;25,6667;25,3333;25,4633;0;0
2004-09-29;25,6667;25,6667;25,3567;25,3667;0;0
2004-09-28;25,17;25,6667;25,0567;25,6033;0;0
2004-09-27;25,6667;25,7167;25,1767;25,2467;0;0
2004-09-24;25,6667;25,7333;25,55;25,6767;0;0
2004-09-23;25,70;25,7833;25,2867;25,50;0;0
2004-09-22;26,00;26,25;25,8167;25,8233;0;0
2004-09-21;26,4167;26,4167;25,87;26,0033;0;0
2004-09-20;26,8333;26,88;25,8167;26,31;0;0
2004-09-17;27,00;27,0667;26,8167;26,8667;0;0
2004-09-16;27,23;27,23;26,70;27,00;0;0
2004-09-15;26,7733;27,2067;26,7733;27,1333;0;0
2004-09-14;27,1333;27,1333;26,75;26,9633;0;0
2004-09-13;26,83;27,08;26,60;27,08;0;0
2004-09-10;26,8833;26,9133;26,51;26,8533;0;0
2004-09-09;26,6633;26,8333;26,5033;26,6667;0;0
2004-09-08;26,95;26,95;26,44;26,4633;0;0
2004-09-07;26,7667;26,9133;26,5633;26,79;0;0
2004-09-06;26,3233;26,7733;26,3233;26,7267;0;0
2004-09-03;26,3333;26,63;25,90;26,5333;0;0
2004-09-02;26,75;26,75;25,7267;26,1667;0;0
2004-09-01;26,8333;26,8833;26,5267;26,6867;0;0
2004-08-31;26,95;26,95;26,6333;26,6333;0;0
2004-08-30;26,9333;26,9667;26,75;26,85;0;0
2004-08-27;27,0133;27,0833;26,8133;26,90;0;0
2004-08-26;27,00;27,0433;26,7333;26,96;0;0
2004-08-25;26,6567;26,90;26,6567;26,78;0;0
2004-08-24;26,7263;26,8228;26,3073;26,63;0;0
2004-08-23;26,8333;27,15;26,7667;26,90;0;0
2004-08-20;27,0967;27,2633;26,7567;26,88;0;0
2004-08-19;27,6033;27,65;27,04;27,23;0;0
2004-08-18;27,6667;27,6667;27,3867;27,5333;0;0
2004-08-17;27,5833;28,10;27,2733;27,65;0;0
2004-08-16;27,7667;27,80;26,90;27,3333;0;0
2004-08-13;27,78;27,90;27,50;27,51;0;0
2004-08-12;27,9667;28,4133;27,3833;27,5667;0;0
2004-08-11;30,23;30,23;27,4167;27,5333;0;0
2004-08-10;30,6667;30,8767;30,5067;30,73;0;0
2004-08-09;30,6667;31,0167;30,40;30,50;0;0
2004-08-06;31,1367;31,2701;29,9866;30,7567;0;0
2004-08-05;31,20;31,67;31,1333;31,33;0;0
2004-08-04;31,5333;31,55;30,9167;31,0233;0;0
2004-08-03;31,7533;31,93;31,5167;31,58;0;0
2004-08-02;32,2667;32,2667;31,7467;31,8533;0;0
2004-07-30;32,3267;32,3967;31,7667;32,1967;0;0
2004-07-29;32,01;32,4333;31,9733;31,9733;0;0
2004-07-28;31,80;32,3667;31,7967;32,3267;0;0
2004-07-27;31,1162;31,6301;31,1162;31,4833;0;0
2004-07-26;31,0833;31,38;31,0667;31,0667;0;0
2004-07-23;31,50;31,50;31,0833;31,20;0;0
2004-07-22;31,7933;31,7933;31,26;31,2667;0;0
2004-07-21;31,50;31,73;31,3333;31,50;0;0
2004-07-20;31,4333;31,65;31,15;31,45;0;0
2004-07-19;31,56;31,8967;31,4333;31,4933;0;0
2004-07-16;31,4167;31,8833;31,4167;31,60;0;0
2004-07-15;31,50;31,8667;31,50;31,56;0;0
2004-07-14;31,6167;31,6667;31,0833;31,50;0;0
2004-07-13;31,8933;31,8933;31,27;31,6667;0;0
2004-07-12;32,0667;32,1967;31,8033;31,8967;0;0
2004-07-09;32,98;32,98;32,10;32,1433;0;0
2004-07-08;32,8833;33,0667;32,6667;32,90;0;0
2004-07-07;32,67;32,95;32,6667;32,9333;0;0
2004-07-06;32,6667;32,9067;32,5467;32,67;0;0
2004-07-05;32,03;32,7567;32,03;32,6667;0;0
2004-07-02;32,00;32,20;32,00;32,0733;0;0
2004-07-01;32,307;32,3137;31,9832;32,05;0;0
2004-06-30;31,5333;32,2633;31,5333;32,0167;0;0
2004-06-29;31,6267;31,9667;31,4667;31,6667;0;0
2004-06-28;31,45;31,6667;31,2667;31,60;0;0
2004-06-25;31,2167;31,57;31,0833;31,3533;0;0
2004-06-24;31,10;31,13;30,87;31,13;0;0
2004-06-23;31,0833;31,2167;30,85;31,1333;0;0
2004-06-22;30,9233;31,2167;30,8433;31,1067;0;0
2004-06-21;30,86;31,1333;30,7467;31,08;0;0
2004-06-18;30,8467;30,9967;30,7867;30,80;0;0
2004-06-17;30,67;30,95;30,67;30,94;0;0
2004-06-16;30,7333;30,96;30,5167;30,96;0;0
2004-06-15;30,6733;30,9733;30,6667;30,7767;0;0
2004-06-14;31,00;31,0833;30,5833;30,8867;0;0
2004-06-11;30,81;31,13;30,81;31,11;0;0
2004-06-10;30,6667;31,0833;30,6667;31,0833;0;0
2004-06-09;30,6833;30,7967;30,65;30,7167;0;0
2004-06-08;30,80;30,80;30,5667;30,7367;0;0
2004-06-07;30,7567;30,7567;30,3133;30,7333;0;0
2004-06-04;30,5667;30,7833;30,23;30,4733;0;0
2004-06-03;31,15;31,15;30,6567;30,83;0;0
2004-06-02;31,1033;31,1199;30,8903;31,1233;0;0
2004-06-01;31,1633;31,1633;30,9367;30,9367;0;0
2004-05-31;30,5167;31,0967;30,5167;31,05;0;0
2004-05-28;31,6127;31,6127;30,9633;30,6733;0;0
2004-05-27;31,1469;31,2199;30,8944;31,3133;0;0
2004-05-26;31,0867;31,1667;30,8567;31,11;0;0
2004-05-25;30,7533;30,95;30,5067;30,75;0;0
2004-05-24;30,9067;31,1567;30,50;30,7433;0;0
2004-05-21;30,6033;31,1667;30,5167;30,9267;0;0
2004-05-20;30,50;30,8133;30,50;30,6033;0;0
2004-05-19;30,92;31,1533;30,7067;30,83;0;0
2004-05-18;30,44;31,1667;30,3333;31,1667;0;0
2004-05-17;30,18;30,61;29,92;30,4633;0;0
2004-05-14;31,00;31,1167;30,51;30,51;0;0
2004-05-13;30,9333;31,1667;30,8333;31,00;0;0
2004-05-12;31,3019;31,3019;30,7104;30,93;0;0
2004-05-11;30,1667;31,37;30,0833;31,1567;0;0
2004-05-10;31,0968;31,0968;30,1433;30,0333;0;0
2004-05-07;31,2667;31,2667;30,7467;30,7467;0;0
2004-05-06;31,3667;31,4933;31,1667;31,2267;0;0
2004-05-05;31,1667;31,4167;30,6667;31,4133;0;0
2004-05-04;30,6467;31,50;30,6467;30,9033;0;0
2004-05-03;30,3967;30,8167;30,3967;30,78;0;0
2004-04-30;30,1667;30,6667;30,12;30,35;0;0
2004-04-29;30,5667;30,5667;29,9833;30,05;0;0
2004-04-28;30,30;30,65;30,10;30,50;0;0
2004-04-27;30,5033;30,5667;30,00;30,1367;0;0
2004-04-26;30,8167;30,8167;30,2433;30,4167;0;0
2004-04-23;30,7333;30,8167;30,55;30,7833;0;0
2004-04-22;30,4072;30,703;30,4072;30,6767;0;0
2004-04-21;30,45;30,6933;30,3333;30,5667;0;0
2004-04-20;30,5333;30,6667;30,2333;30,6667;0;0
2004-04-19;30,90;30,90;30,45;30,5167;0;0
2004-04-16;30,4667;30,8967;30,2667;30,89;0;0
2004-04-15;29,9333;30,44;29,7333;30,44;0;0
2004-04-14;29,4167;29,95;29,4167;29,95;0;0
2004-04-13;29,5167;29,6667;29,37;29,6033;0;0
2004-04-12; ; ; ;29,52;0;0
2004-04-09; ; ; ;29,52;0;0
2004-04-08;29,5967;29,66;29,2667;29,52;0;0
2004-04-07;29,6667;29,80;29,34;29,3667;0;0
2004-04-06;29,6667;29,8433;29,1667;29,67;0;0
2004-04-05;30,3333;30,3333;29,3533;29,6333;0;0
2004-04-02;29,40;30,2767;29,30;30,1667;0;0
2004-04-01;29,0167;29,51;28,85;29,1667;0;0
2004-03-31;28,9667;29,1333;28,6833;28,8667;0;0
2004-03-30;29,10;29,4467;28,6667;28,9667;0;0
2004-03-29;28,3333;28,9667;28,1667;28,9667;0;0
2004-03-26;28,6364;28,6498;28,1501;28,2667;0;0
2004-03-25;27,8333;28,5967;27,8333;28,5967;0;0
2004-03-24;27,9167;27,9167;27,4267;27,80;0;0
2004-03-23;28,3233;28,3333;27,80;27,9067;0;0
2004-03-22;28,38;28,50;28,1767;28,4667;0;0
2004-03-19;29,3294;29,5418;28,7495;28,4667;0;0
2004-03-18;29,5082;29,8699;29,1667;29,1667;0;0
2004-03-17;30,30;30,30;29,6033;29,73;0;0
2004-03-16;29,3367;30,0033;29,17;30,00;0;0
2004-03-15;29,40;29,5967;29,17;29,50;0;0
2004-03-12;29,40;29,6333;29,1667;29,54;0;0
2004-03-11;30,04;30,10;29,4167;29,6767;0;0
2004-03-10;30,0104;30,3155;29,8678;30,25;0;0
2004-03-09;30,5833;30,5833;30,2333;30,3033;0;0
2004-03-08;30,25;30,6633;30,1867;30,6633;0;0
2004-03-05;30,00;30,25;29,87;30,25;0;0
2004-03-04;30,1468;30,2738;30,0633;30,00;0;0
2004-03-03;30,3567;30,4833;30,10;30,25;0;0
2004-03-02;29,9333;30,4133;29,8367;30,3333;0;0
2004-03-01;29,50;29,8333;29,22;29,6667;0;0
2004-02-27;29,3601;29,5098;29,2869;29,4667;0;0
2004-02-26;29,8333;29,9833;29,39;29,39;0;0
2004-02-25;29,9367;30,1105;29,8598;29,8533;0;0
2004-02-24;30,3333;30,3333;29,70;29,9333;0;0
2004-02-23;30,0333;30,40;29,9567;30,05;0;0
2004-02-20;30,15;30,15;29,8833;30,0333;0;0
2004-02-19;29,8933;30,30;29,8333;30,0633;0;0
2004-02-18;30,3367;30,3967;29,8667;29,8933;0;0
2004-02-17;30,8033;30,8967;30,18;30,50;0;0
2004-02-16;30,8333;30,9333;30,6667;30,8967;0;0
2004-02-13;30,8067;31,00;30,8067;30,8333;0;0
2004-02-12;30,9967;31,10;30,8067;30,9867;0;0
2004-02-11;31,0234;31,1702;30,8199;30,88;0;0
2004-02-10;31,06;31,1667;31,00;31,0667;0;0
2004-02-09;31,05;31,18;30,9667;31,06;0;0
2004-02-06;31,0367;31,1867;30,9667;31,0067;0;0
2004-02-05;31,00;31,15;31,00;31,0833;0;0
2004-02-04;31,3333;31,3333;31,0033;31,03;0;0
2004-02-03;30,8667;31,60;30,8667;31,24;0;0
2004-02-02;31,1667;31,3333;30,8667;30,88;0;0
2004-01-30;31,96;32,00;31,2267;31,2267;0;0
2004-01-29;32,00;32,00;31,6667;31,7467;0;0
2004-01-28;32,3767;32,4333;31,8833;32,00;0;0
2004-01-27;32,30;32,5667;32,1667;32,35;0;0
2004-01-26;31,75;32,5267;31,75;32,2767;0;0
2004-01-23;33,0333;33,92;31,62;31,75;0;0
2004-01-22;33,15;33,6633;33,04;33,0733;0;0
2004-01-21;33,06;33,1633;32,9867;33,08;0;0
2004-01-20;33,0567;33,2667;32,9633;33,2167;0;0
2004-01-19;32,9967;33,1967;32,90;33,00;0;0
2004-01-16;32,5667;33,0833;32,3333;32,8133;0;0
2004-01-15;32,73;32,7667;32,26;32,3167;0;0
2004-01-14;32,9333;33,1467;32,6367;32,6367;0;0
2004-01-13;33,13;33,15;32,9367;32,9967;0;0
2004-01-12;33,10;33,1333;32,9333;32,9867;0;0
2004-01-09;33,20;33,2633;33,07;33,1333;0;0
2004-01-08;32,9667;33,20;32,9667;33,0667;0;0
2004-01-07;33,0833;33,5833;32,80;32,80;0;0
2004-01-06;33,1167;33,2067;32,79;32,8333;0;0
2004-01-05;32,6667;33,2667;32,64;33,10;0;0
2004-01-02;32,2533;32,86;32,22;32,83;0;0
2004-01-01; ; ; ;32,0667;0;0
2003-12-31; ; ; ;32,0667;0;0
2003-12-30;32,5967;32,5967;32,0667;32,0667;0;0
2003-12-29;32,4667;32,5333;31,8333;32,44;0;0
2003-12-26; ; ; ;32,12;0;0
2003-12-25; ; ; ;32,12;0;0
2003-12-24; ; ; ;32,12;0;0
2003-12-23;33,33;33,49;32,0367;32,12;0;0
2003-12-22;31,7333;32,7667;31,7333;32,3833;0;0
2003-12-19;31,9667;31,9933;31,72;31,7333;0;0
2003-12-18;31,7233;32,2433;31,2967;31,9667;0;0
2003-12-17;32,10;32,10;31,62;31,72;0;0
2003-12-16;31,5667;32,0833;31,20;32,0833;0;0
2003-12-15;31,6667;31,6667;31,0167;31,4333;0;0
2003-12-12;30,9067;31,74;30,9067;31,58;0;0
2003-12-11;31,1467;31,26;30,7667;30,8367;0;0
2003-12-10;30,8433;31,2733;30,7733;31,00;0;0
2003-12-09;30,8333;31,2833;30,8333;31,2833;0;0
2003-12-08;31,0667;31,0667;30,6667;30,9533;0;0
2003-12-05;30,89;30,9433;30,8333;30,9233;0;0
2003-12-04;31,1667;31,2733;31,0733;31,25;0;0
2003-12-03;31,50;31,50;31,0167;31,1167;0;0
2003-12-02;31,4333;31,50;31,12;31,27;0;0
2003-12-01;31,30;31,4333;31,05;31,4333;0;0
2003-11-28;31,3667;31,50;31,1033;31,20;0;0
2003-11-27;31,3333;31,5333;31,2667;31,4967;0;0
2003-11-26;31,6667;31,7967;31,50;31,50;0;0
2003-11-25;31,3667;31,6333;31,3333;31,5667;0;0
2003-11-24;31,1667;31,6167;30,9833;31,1733;0;0
2003-11-21;31,6567;31,6567;31,24;31,30;0;0
2003-11-20;32,2633;32,2633;31,40;31,62;0;0
2003-11-19;32,00;32,1433;31,5033;32,1433;0;0
2003-11-18;32,00;32,3333;31,8667;32,0333;0;0
2003-11-17;32,0033;32,1167;31,74;31,9333;0;0
2003-11-14;32,6433;32,6433;32,0067;32,0067;0;0
2003-11-13;32,4667;32,6567;32,20;32,4967;0;0
2003-11-12;32,33;32,6167;32,1667;32,3533;0;0
2003-11-11;32,7333;32,7333;32,00;32,0833;0;0
2003-11-10;32,5933;32,6633;32,3333;32,6633;0;0
2003-11-07;32,60;32,60;31,9933;32,50;0;0
2003-11-06;32,8167;32,80;32,2667;32,3833;0;0
2003-11-05;32,4333;32,6667;32,3333;32,5633;0;0
2003-11-04;32,8833;32,9167;32,2567;32,4367;0;0
2003-11-03;32,58;33,0133;32,3667;32,81;0;0
2003-10-31;32,4333;32,65;32,3167;32,3433;0;0
2003-10-30;32,4667;32,7933;32,1233;32,5333;0;0
2003-10-29;33,2667;33,2667;32,0867;32,25;0;0
2003-10-28;33,3333;33,6667;32,8333;32,8667;0;0
2003-10-27;33,50;33,8667;32,89;33,43;0;0
2003-10-24;33,25;34,50;32,40;33,40;0;0
2003-10-23;36,00;36,7167;31,0367;33,3333;0;0
2003-10-22;38,23;39,67;35,3133;35,9167;0;0
2003-10-21;38,3833;38,83;37,1667;38,2567;0;0
2003-10-20;36,6667;38,3333;36,5067;38,1667;0;0
2003-10-17;36,3333;36,8633;36,16;36,8233;0;0
2003-10-16;36,34;36,6667;35,76;36,3333;0;0
2003-10-15;37,00;37,0333;36,0333;36,3333;0;0
2003-10-14;36,6533;37,00;36,1867;36,9833;0;0
2003-10-13;36,3167;36,8967;36,1667;36,4333;0;0
2003-10-10;36,4133;36,8667;35,6667;36,08;0;0
2003-10-09;36,0933;37,00;35,8933;36,83;0;0
2003-10-08;36,0167;36,2267;35,8333;35,9667;0;0
2003-10-07;36,4667;36,4667;35,8833;36,0833;0;0
2003-10-06;37,0767;37,0767;36,17;36,4667;0;0
2003-10-03;37,1167;37,1167;36,1767;36,9167;0;0
2003-10-02;36,4333;37,1433;36,20;36,9933;0;0
2003-10-01;36,1533;36,4933;35,92;36,39;0;0
2003-09-30;36,3367;36,6667;35,8733;36,58;0;0
2003-09-29;36,50;36,6633;35,7033;36,5967;0;0
2003-09-26;37,3333;37,45;36,1333;36,5867;0;0
2003-09-25;36,3333;36,76;36,1233;36,4633;0;0
2003-09-24;36,63;36,8333;36,1733;36,7567;0;0
2003-09-23;37,1333;37,3467;36,20;36,8333;0;0
2003-09-22;37,7667;38,00;36,9667;37,3667;0;0
2003-09-19;38,2633;38,2633;37,7467;38,10;0;0
2003-09-18;38,50;38,50;37,90;38,0167;0;0
2003-09-17;38,2667;38,56;38,0767;38,4667;0;0
2003-09-16;38,4033;38,6667;38,1667;38,4133;0;0
2003-09-15;38,3367;38,65;38,17;38,4033;0;0
2003-09-12;38,1333;38,60;38,01;38,60;0;0
2003-09-11;37,8667;38,3167;37,8333;38,30;0;0
2003-09-10;38,26;38,4867;37,9667;38,3433;0;0
2003-09-09;38,6133;38,6133;38,0367;38,3333;0;0
2003-09-08;38,14;38,6133;38,14;38,5967;0;0
2003-09-05;38,5333;38,5333;38,2667;38,4967;0;0
2003-09-04;38,5167;38,75;38,24;38,42;0;0
2003-09-03;38,1333;38,7467;38,1333;38,7467;0;0
2003-09-02;38,3367;38,55;38,1667;38,33;0;0
2003-09-01;38,40;38,5833;38,2833;38,5667;0;0
2003-08-29;38,5933;38,61;38,2833;38,5667;0;0
2003-08-28;38,63;38,6667;38,2567;38,45;0;0
2003-08-27;38,1667;38,65;38,1667;38,65;0;0
2003-08-26;38,3333;38,6267;37,7767;37,84;0;0
2003-08-25;38,2667;38,6033;38,00;38,3333;0;0
2003-08-22;38,1267;38,65;37,86;38,65;0;0
2003-08-21;37,70;38,1633;37,60;38,00;0;0
2003-08-20;36,8833;37,9333;36,8833;37,8333;0;0
2003-08-19;38,0367;38,04;36,6833;36,9167;0;0
2003-08-18;38,3967;38,3967;37,3667;37,65;0;0
2003-08-15;38,4633;38,65;38,2367;38,3667;0;0
2003-08-14;38,6333;38,6633;37,7167;38,6333;0;0
2003-08-13;36,2167;38,75;36,20;38,75;0;0
2003-08-12;35,4967;35,94;35,1967;35,7167;0;0
2003-08-11;35,3167;35,80;35,3167;35,5133;0;0
2003-08-08;35,6333;35,6833;35,1867;35,1867;0;0
2003-08-07;35,6667;35,9633;35,3333;35,5833;0;0
2003-08-06;35,3967;36,64;35,0167;36,33;0;0
2003-08-05;35,4567;35,4667;34,8667;35,3333;0;0
2003-08-04;35,00;35,3833;35,00;35,30;0;0
2003-08-01;35,7033;35,7333;35,0333;35,3333;0;0
2003-07-31;36,3333;36,3333;35,50;35,75;0;0
2003-07-30;36,4267;36,55;36,0933;36,33;0;0
2003-07-29;36,5933;36,65;36,25;36,65;0;0
2003-07-28;37,00;37,00;36,3433;36,55;0;0
2003-07-25;36,9667;37,1467;36,6667;37,1467;0;0
2003-07-24;36,9333;36,99;36,67;36,99;0;0
2003-07-23;37,00;37,0833;36,46;36,80;0;0
2003-07-22;37,1667;37,26;36,9333;37,00;0;0
2003-07-21;37,1667;37,2333;36,9467;37,00;0;0
2003-07-18;37,00;37,33;36,8333;37,0967;0;0
2003-07-17;37,1333;37,6667;36,8833;37,10;0;0
2003-07-16;37,46;37,6967;37,0667;37,35;0;0
2003-07-15;37,5467;37,83;37,3333;37,6267;0;0
2003-07-14;37,50;37,6667;37,35;37,6433;0;0
2003-07-11;37,4133;37,5733;37,1667;37,48;0;0
2003-07-10;37,50;37,58;37,07;37,4167;0;0
2003-07-09;37,6667;37,8967;37,4233;37,4567;0;0
2003-07-08;37,50;37,78;37,0067;37,70;0;0
2003-07-07;37,89;38,08;37,4233;37,45;0;0
2003-07-04;37,85;38,1833;37,5333;37,8333;0;0
2003-07-03;38,50;38,5533;37,4733;38,2667;0;0
2003-07-02;38,6333;38,7833;38,1767;38,6467;0;0
2003-07-01;38,6733;39,00;37,9367;38,2167;0;0
2003-06-30;39,1667;39,3833;38,6833;38,80;0;0
2003-06-27;38,8333;39,5667;38,7667;39,2167;0;0
2003-06-26;38,1667;39,00;38,1667;38,85;0;0
2003-06-25;38,6667;39,08;38,00;38,30;0;0
2003-06-24;38,2667;38,6133;37,77;38,5667;0;0
2003-06-23;37,6667;37,7467;37,40;37,4333;0;0
2003-06-20;37,6167;37,7767;37,47;37,63;0;0
2003-06-19;37,89;37,9167;37,40;37,6233;0;0
2003-06-18;37,91;37,91;37,4833;37,52;0;0
2003-06-17;38,1167;38,1633;37,5333;37,80;0;0
2003-06-16;38,30;38,30;37,94;38,1333;0;0
2003-06-13;38,20;38,30;37,7033;38,2233;0;0
2003-06-12;38,6633;39,03;37,8233;38,1667;0;0
2003-06-11;38,2067;39,1367;38,2067;38,9333;0;0
2003-06-10;38,25;38,49;38,14;38,47;0;0
2003-06-09;38,5667;38,6667;37,4333;38,3967;0;0
2003-06-06;37,6767;38,7967;37,50;38,3333;0;0
2003-06-05;37,8667;38,1533;37,3433;37,74;0;0
2003-06-04;38,4167;38,8333;37,9833;37,9833;0;0
2003-06-03;39,00;39,05;38,27;38,5333;0;0
2003-06-02;39,00;39,2333;38,6033;38,95;0;0
2003-05-30;38,3333;39,1633;37,70;39,1633;0;0
2003-05-29;38,45;38,6767;38,3833;38,3833;0;0
2003-05-28;38,3367;38,9167;38,1833;38,49;0;0
2003-05-27;38,5933;38,9333;37,69;38,4967;0;0
2003-05-26;38,6333;38,8267;38,1333;38,3333;0;0
2003-05-23;38,00;39,23;37,90;39,00;0;0
2003-05-22;38,00;38,2333;37,52;38,2333;0;0
2003-05-21;37,1667;37,8333;37,1667;37,8333;0;0
2003-05-20;37,0333;37,9167;36,8733;37,1333;0;0
2003-05-19;37,3333;38,00;36,82;37,25;0;0
2003-05-16;36,6633;37,5533;36,40;37,1833;0;0
2003-05-15;35,9333;36,6667;35,5033;36,6633;0;0
2003-05-14;36,3333;36,8267;35,7433;35,75;0;0
2003-05-13;36,1667;36,6667;35,55;36,5167;0;0
2003-05-12;35,9667;36,2167;35,37;36,2167;0;0
2003-05-09;35,4667;36,50;35,4667;35,6767;0;0
2003-05-08;35,00;36,1933;35,00;35,50;0;0
2003-05-07;35,9333;35,9333;34,7067;35,00;0;0
2003-05-06;36,63;36,63;35,63;35,8667;0;0
2003-05-05;36,1667;36,6967;36,1333;36,50;0;0
2003-05-02;37,3167;37,3167;35,8367;36,60;0;0
2003-05-01; ; ; ;37,1333;0;0
2003-04-30;37,3333;37,3667;36,5667;37,1333;0;0
2003-04-29;37,2667;37,4167;37,09;37,3733;0;0
2003-04-28;37,55;37,6667;37,0367;37,0833;0;0
2003-04-25;37,3367;37,5633;37,3333;37,45;0;0
2003-04-24;36,85;37,50;36,85;37,2833;0;0
2003-04-23;37,00;37,6667;37,00;37,46;0;0
2003-04-22;36,5167;37,30;36,3733;37,2967;0;0
2003-04-21; ; ; ;36,5167;0;0
2003-04-18; ; ; ;36,5167;0;0
2003-04-17;36,50;36,8967;36,3333;36,5167;0;0
2003-04-16;36,6667;37,2533;36,3667;36,6633;0;0
2003-04-15;36,8367;37,2667;35,6833;36,3667;0;0
2003-04-14;36,87;37,5767;36,8167;37,1333;0;0
2003-04-11;37,40;37,9333;36,87;36,9167;0;0
2003-04-10;37,4567;38,1267;37,17;37,6633;0;0
2003-04-09;38,1733;39,1867;37,4333;37,7167;0;0
2003-04-08;36,58;38,7167;36,58;38,50;0;0
2003-04-07;36,7667;37,42;36,50;36,93;0;0
2003-04-04;37,4033;37,4033;36,10;37,00;0;0
2003-04-03;34,50;38,6667;34,50;37,4033;0;0
2003-04-02;34,2967;34,93;33,9667;34,6667;0;0
2003-04-01;33,9833;34,1533;33,6067;34,1367;0;0
2003-03-31;33,9667;34,15;33,6667;34,1167;0;0
2003-03-28;34,00;34,33;33,8333;34,00;0;0
2003-03-27;34,2667;34,7833;33,42;34,10;0;0
2003-03-26;33,1333;34,90;33,1333;34,60;0;0
2003-03-25;32,1667;33,5233;32,1667;33,1567;0;0
2003-03-24;32,9167;32,9167;32,1667;32,3333;0;0
2003-03-21;32,5733;32,99;32,10;32,50;0;0
2003-03-20;33,3333;33,3333;32,4533;32,7167;0;0
2003-03-19;34,2333;34,2833;32,7867;33,3333;0;0
2003-03-18;33,3333;34,1667;32,13;33,95;0;0
2003-03-17;33,63;34,2633;33,3233;33,8333;0;0
2003-03-14;33,4033;34,4667;33,4033;33,7033;0;0
2003-03-13;32,9333;33,50;32,3333;33,50;0;0
2003-03-12;31,8733;33,0167;31,70;33,0167;0;0
2003-03-11;31,50;32,8267;31,4267;32,5767;0;0
2003-03-10;32,6167;32,6167;31,3767;31,59;0;0
2003-03-07;32,00;33,0333;31,8333;33,0333;0;0
2003-03-06;32,0833;32,50;32,00;32,0667;0;0
2003-03-05;33,32;33,32;31,8933;31,8933;0;0
2003-03-04;33,6133;33,6133;33,00;33,3667;0;0
2003-03-03;33,4067;33,75;33,0033;33,7133;0;0
2003-02-28;33,4133;34,2967;32,7033;33,5667;0;0
2003-02-27;31,9433;33,3167;31,6767;33,3167;0;0
2003-02-26;31,7367;31,87;31,63;31,65;0;0
2003-02-25;32,66;32,66;31,7933;32,05;0;0
2003-02-24;32,50;32,8233;32,2133;32,4433;0;0
2003-02-21;32,70;33,3167;32,19;32,3333;0;0
2003-02-20;32,8267;32,8267;31,37;32,46;0;0
2003-02-19;33,3333;33,3367;32,3867;32,4833;0;0
2003-02-18;32,6833;33,6267;32,51;33,50;0;0
2003-02-17;32,9667;33,0667;32,5667;32,67;0;0
2003-02-14;33,3167;33,3167;32,27;32,95;0;0
2003-02-13;33,7333;33,7333;32,5367;33,10;0;0
2003-02-12;33,3333;34,10;32,8567;33,85;0;0
2003-02-11;33,95;34,7767;33,7267;34,3333;0;0
2003-02-10;34,0567;34,20;33,0333;33,80;0;0
2003-02-07;34,1667;34,3167;33,6667;33,9533;0;0
2003-02-06;33,0833;34,1333;33,00;34,0333;0;0
2003-02-05;33,00;33,4467;32,65;33,1667;0;0
2003-02-04; ; ; ;32,9833;0;0
2003-02-03;33,66;33,93;33,3333;33,5867;0;0
2003-01-31;32,8333;33,3733;32,42;33,3733;0;0
2003-01-30;32,75;33,3167;32,4467;32,60;0;0
2003-01-29;32,8333;32,8833;32,1667;32,66;0;0
2003-01-28;32,6667;33,3267;32,2367;32,8333;0;0
2003-01-27;33,33;33,33;31,90;32,65;0;0
2003-01-24; ; ; ;33,3333;0;0
2003-01-23;34,6667;35,01;33,7067;34,2467;0;0
2003-01-22;35,20;35,3267;34,77;34,9167;0;0
2003-01-21;35,5033;35,7833;35,2167;35,27;0;0
2003-01-20;35,0033;35,6667;35,00;35,1667;0;0
2003-01-17;35,0667;35,3333;34,8033;35,00;0;0
2003-01-16;35,4067;35,4067;34,8333;35,00;0;0
2003-01-15;35,32;35,7333;34,9833;35,2667;0;0
2003-01-14;35,0067;35,29;34,9333;35,2233;0;0
2003-01-13;35,00;35,3333;34,6667;35,0033;0;0
2003-01-10;35,00;35,2967;34,70;35,1333;0;0
2003-01-09;34,6667;35,1167;33,9167;34,91;0;0
2003-01-08;35,4167;35,4167;34,50;34,50;0;0
2003-01-07;35,0067;35,4833;34,87;35,4367;0;0
2003-01-06;35,4333;35,4667;34,8467;35,25;0;0
2003-01-03;35,2833;35,5333;34,8333;35,00;0;0
2003-01-02;35,63;35,8267;35,1667;35,5333;0;0
2003-01-01; ; ; ;35,3667;0;0
2002-12-31; ; ; ;35,3667;0;0
2002-12-30;34,7567;35,9333;34,50;35,3667;0;0
2002-12-27;35,3333;35,3333;34,2933;35,00;0;0
2002-12-26; ; ; ;35,2667;0;0
2002-12-25; ; ; ;35,2667;0;0
2002-12-24; ; ; ;35,2667;0;0
2002-12-23;35,78;35,78;34,6867;35,2667;0;0
2002-12-20;35,50;35,89;34,7033;35,60;0;0
2002-12-19;36,6667;36,83;34,8333;35,3267;0;0
2002-12-18;35,8167;36,83;35,1367;36,67;0;0
2002-12-17;36,1633;36,1667;35,2333;35,75;0;0
2002-12-16;35,9667;36,1667;34,9167;36,1567;0;0
2002-12-13;37,83;37,83;34,8333;35,8667;0;0
2002-12-12;35,9667;38,00;35,1667;37,2833;0;0
2002-12-11;36,60;38,3933;34,5033;35,9633;0;0
2002-12-10;31,0333;32,3133;31,0333;31,9967;0;0
2002-12-09;32,4333;32,4333;31,0333;31,0333;0;0
2002-12-06;31,9667;32,3267;31,5167;32,00;0;0
2002-12-05;32,6667;32,6667;31,81;32,3167;0;0
2002-12-04;33,5933;33,5933;32,0767;32,24;0;0
2002-12-03;32,92;33,6333;32,7167;33,60;0;0
2002-12-02;33,40;33,40;32,1333;32,1667;0;0
2002-11-29;33,4167;33,4167;33,00;33,2933;0;0
2002-11-28;33,4933;33,55;33,0833;33,4667;0;0
2002-11-27;33,4033;33,80;32,70;33,25;0;0
2002-11-26;32,9833;33,6233;32,39;33,3667;0;0
2002-11-25;31,5333;33,6633;31,51;32,87;0;0
2002-11-22;31,35;31,5567;30,3633;31,4967;0;0
2002-11-21;31,70;32,2967;31,1667;31,17;0;0
2002-11-20;32,6667;32,70;31,0667;31,6667;0;0
2002-11-19;33,1633;33,2667;32,60;33,00;0;0
2002-11-18;33,5667;33,9767;32,8333;33,1667;0;0
2002-11-15;34,3333;34,3333;32,9367;33,6633;0;0
2002-11-14;34,4667;34,50;33,7533;34,0667;0;0
2002-11-13;34,2667;34,5333;32,9167;34,3333;0;0
2002-11-12;35,3167;36,00;34,00;35,00;0;0
2002-11-11;36,50;36,50;34,7033;35,6667;0;0
2002-11-08;34,9833;36,6267;34,2433;36,6267;0;0
2002-11-07;36,6667;36,6667;34,41;34,70;0;0
2002-11-06;37,3333;37,3333;35,4833;36,5967;0;0
2002-11-05;36,6667;37,0333;36,25;36,7833;0;0
2002-11-04;36,0333;37,2333;36,0333;36,9667;0;0
2002-11-01;36,7367;36,8333;36,0333;36,0333;0;0
2002-10-31;36,1667;37,0967;35,3333;37,0967;0;0
2002-10-30;36,6033;36,7833;35,80;36,1667;0;0
2002-10-29;35,5667;36,1667;35,5667;35,6733;0;0
2002-10-28;36,1333;36,65;35,5333;36,00;0;0
2002-10-25;35,0833;36,30;35,0833;36,30;0;0
2002-10-24;35,9967;36,30;35,5167;36,30;0;0
2002-10-23;36,30;36,30;35,0067;35,4167;0;0
2002-10-22;35,0667;36,30;35,0667;35,7867;0;0
2002-10-21;34,3333;35,6667;34,3333;35,4667;0;0
2002-10-18;34,5333;35,9667;34,25;34,41;0;0
2002-10-17;36,50;36,50;34,35;35,00;0;0
2002-10-16;35,50;36,6667;35,4333;36,3267;0;0
2002-10-15;33,90;35,9667;33,90;35,9667;0;0
2002-10-14;34,3333;35,3333;33,70;34,2833;0;0
2002-10-11;33,5667;34,00;33,3333;33,85;0;0
2002-10-10;33,6667;34,25;32,7433;33,5833;0;0
2002-10-09;33,0167;34,1533;32,5033;33,84;0;0
2002-10-08;32,3333;34,6667;32,2333;33,00;0;0
2002-10-07;33,1833;33,4933;32,00;32,3333;0;0
2002-10-04;34,2967;34,50;33,17;33,8333;0;0
2002-10-03;33,6667;34,9667;33,52;33,86;0;0
2002-10-02;32,9933;34,5833;32,9933;34,1667;0;0
2002-10-01;33,3333;34,00;31,1667;32,00;0;0
2002-09-30;35,3667;36,20;30,8333;32,9933;0;0
2002-09-27;36,50;37,2333;35,6667;36,85;0;0
2002-09-26;33,2633;35,7167;32,90;35,3333;0;0
2002-09-25;32,90;32,9933;32,3333;32,4067;0;0
2002-09-24;32,2333;33,8333;32,0333;32,6667;0;0
2002-09-23;31,6667;34,00;31,3333;32,50;0;0
2002-09-20;27,20;28,6667;27,20;28,6667;0;0
2002-09-19;28,00;28,13;27,0033;27,4167;0;0
2002-09-18;29,2167;29,6667;27,59;27,90;0;0
2002-09-17;29,7467;29,9633;29,00;29,00;0;0
2002-09-16;29,50;30,2667;29,1833;29,7467;0;0
2002-09-13;30,9667;30,9667;29,3367;30,4267;0;0
2002-09-12;30,65;30,65;30,00;30,10;0;0
2002-09-11;30,8333;30,95;30,2067;30,3333;0;0
2002-09-10;29,6667;30,50;29,6667;30,3133;0;0
2002-09-09;29,65;29,6633;28,7533;29,3967;0;0
2002-09-06;30,5667;30,5667;28,90;29,6667;0;0
2002-09-05;31,3033;31,4933;30,1667;30,1667;0;0
2002-09-04;32,30;32,30;30,72;30,95;0;0
2002-09-03;32,8333;33,00;31,3967;32,00;0;0
2002-09-02;32,04;32,8333;32,04;32,8333;0;0
2002-08-30;31,40;32,8333;31,40;32,2667;0;0
2002-08-29;32,70;33,00;30,8367;31,1333;0;0
2002-08-28;32,5167;32,80;32,05;32,2667;0;0
2002-08-27;32,80;33,3167;32,3867;32,7667;0;0
2002-08-26;33,1067;33,1067;32,2167;32,5033;0;0
2002-08-23;32,4167;32,8167;32,17;32,80;0;0
2002-08-22;31,1667;32,80;31,0833;32,80;0;0
2002-08-21;31,25;31,92;30,8667;30,9633;0;0
2002-08-20;32,1233;32,20;30,2333;30,6667;0;0
2002-08-19;31,23;31,65;30,8667;31,65;0;0
2002-08-16;29,9967;31,00;29,8333;30,8667;0;0
2002-08-15;30,6333;31,1667;29,7333;29,9967;0;0
2002-08-14;31,1167;31,1167;29,84;30,3333;0;0
2002-08-13;32,6833;32,6867;30,35;30,9667;0;0
2002-08-12;34,2667;34,2667;33,23;33,3333;0;0
2002-08-09;34,9333;34,9333;32,86;34,2667;0;0
2002-08-08;34,3367;34,8867;33,8333;34,3167;0;0
2002-08-07;32,3667;33,66;32,2667;33,40;0;0
2002-08-06;32,20;33,7133;30,50;32,24;0;0
2002-08-05;33,50;33,50;32,0033;32,0033;0;0
2002-08-02;33,3333;34,1667;33,1367;33,6667;0;0
2002-08-01;35,00;35,3333;32,9333;33,25;0;0
2002-07-31;36,1667;37,3333;35,00;35,00;0;0
2002-07-30;36,25;36,4933;35,1033;35,71;0;0
2002-07-29;34,5667;36,2833;34,5667;36,0033;0;0
2002-07-26;34,50;35,3133;34,20;34,99;0;0
2002-07-25;34,9967;35,6233;33,3533;34,8667;0;0
2002-07-24;35,0633;35,0633;32,8333;34,20;0;0
2002-07-23;36,50;37,9633;35,3333;35,50;0;0
2002-07-22;37,1667;37,2967;36,1733;37,00;0;0
2002-07-19;37,67;37,9933;36,75;37,37;0;0
2002-07-18;38,25;38,65;37,70;38,00;0;0
2002-07-17;37,3333;38,2933;37,3333;37,9833;0;0
2002-07-16;38,85;38,9267;37,00;37,37;0;0
2002-07-15;38,9167;38,9233;38,50;38,5667;0;0
2002-07-12;39,0333;39,48;38,5067;38,5167;0;0
2002-07-11;39,30;39,30;38,72;38,9667;0;0
2002-07-10;39,6633;39,9133;39,34;39,34;0;0
2002-07-09;40,6333;41,0633;39,5333;39,5333;0;0
2002-07-08;39,9167;40,66;39,9167;40,66;0;0
2002-07-05;39,5833;39,9667;39,2667;39,9333;0;0
2002-07-04;40,6667;40,6667;39,2467;39,5167;0;0
2002-07-03;40,00;40,6667;39,7067;40,6667;0;0
2002-07-02;40,1667;40,5833;40,1333;40,50;0;0
2002-07-01;40,9667;40,9667;40,0333;40,3167;0;0
2002-06-28;39,2333;41,00;39,20;41,00;0;0
2002-06-27;37,8333;39,2833;37,8333;39,00;0;0
2002-06-26;38,6667;38,6667;37,6833;37,7333;0;0
2002-06-25;38,3333;39,50;38,3333;39,12;0;0
2002-06-24;38,70;39,3333;38,00;38,00;0;0
2002-06-21;38,7367;39,30;38,39;38,39;0;0
2002-06-20;39,50;39,7333;38,6667;39,2633;0;0
2002-06-19;41,05;41,05;39,4633;39,8333;0;0
2002-06-18;41,1633;41,3333;40,7967;41,20;0;0
2002-06-17;41,0667;41,3333;40,70;40,75;0;0
2002-06-14;41,4333;41,6433;40,85;40,90;0;0
2002-06-13;41,30;41,6667;41,2667;41,5333;0;0
2002-06-12;41,35;41,4333;41,0667;41,0667;0;0
2002-06-11;41,3333;41,65;41,3333;41,3333;0;0
2002-06-10;41,80;41,9633;41,07;41,3167;0;0
2002-06-07;42,1667;42,1667;41,2667;41,80;0;0
2002-06-06;42,0333;42,4833;41,80;41,8333;0;0
2002-06-05;42,5333;42,5333;41,5367;42,30;0;0
2002-06-04;42,40;42,8333;42,1733;42,6667;0;0
2002-06-03;42,10;42,6667;42,0367;42,4667;0;0
2002-05-31;42,00;42,8333;41,6667;42,1167;0;0
2002-05-30;43,24;43,24;42,00;42,00;0;0
2002-05-29;43,4967;43,4967;42,75;42,9633;0;0
2002-05-28;43,75;43,9833;43,30;43,3367;0;0
2002-05-27;44,80;44,80;43,70;44,1267;0;0
2002-05-24;44,60;44,9267;43,6667;44,9267;0;0
2002-05-23;44,10;44,59;43,54;44,3333;0;0
2002-05-22;44,3333;44,83;43,30;43,6567;0;0
2002-05-21;45,00;45,00;43,6633;44,25;0;0
2002-05-20;44,40;46,4167;44,3667;45,00;0;0
2002-05-17;42,3333;42,3333;41,6633;41,9167;0;0
2002-05-16;42,3333;42,60;42,00;42,00;0;0
2002-05-15;42,13;42,3667;41,8433;42,3667;0;0
2002-05-14;41,8333;42,20;41,0767;41,85;0;0
2002-05-13;42,3667;42,80;41,7067;42,0167;0;0
2002-05-10;42,1633;42,7967;42,00;42,7967;0;0
2002-05-09;43,3667;43,3667;41,3333;41,3333;0;0
2002-05-08;44,25;44,25;42,9167;42,9167;0;0
2002-05-07;43,8333;44,20;43,5333;43,5333;0;0
2002-05-06;43,6667;44,33;43,6333;44,1667;0;0
2002-05-03;44,10;45,00;43,4333;43,7633;0;0
2002-05-02;45,10;45,15;44,1167;44,1167;0;0
2002-05-01; ; ; ;44,8333;0;0
2002-04-30;45,0033;45,2833;44,6667;44,8333;0;0
2002-04-29;45,15;45,4667;44,55;45,0033;0;0
2002-04-26;45,30;45,3667;44,50;45,1667;0;0
2002-04-25;44,8733;45,75;44,6833;45,2833;0;0
2002-04-24;45,20;45,50;44,8367;44,8367;0;0
2002-04-23;45,5333;45,8333;45,20;45,3967;0;0
2002-04-22;45,00;46,1667;44,9333;44,9333;0;0
2002-04-19;44,6333;45,00;44,5833;44,9967;0;0
2002-04-18;44,65;44,6667;43,8333;44,60;0;0
2002-04-17;45,00;45,00;44,50;44,5033;0;0
2002-04-16;45,10;45,10;44,78;45,00;0;0
2002-04-15;45,00;45,00;44,54;44,9967;0;0
2002-04-12;44,4067;45,00;44,4067;45,00;0;0
2002-04-11;45,0167;45,1667;44,3667;44,3667;0;0
2002-04-10;44,4667;45,2667;44,3333;45,1333;0;0
2002-04-09;43,9333;44,48;43,6667;44,48;0;0
2002-04-08;44,35;44,7333;43,5833;43,65;0;0
2002-04-05;44,57;44,9167;44,57;44,8333;0;0
2002-04-04;43,8933;45,00;43,23;45,00;0;0
2002-04-03;44,8367;45,00;43,45;43,83;0;0
2002-04-02;45,5033;45,8333;44,85;45,00;0;0
2002-04-01; ; ; ;46,00;0;0
2002-03-29; ; ; ;46,00;0;0
2002-03-28;44,6667;46,2933;44,6633;46,00;0;0
2002-03-27;44,6833;45,10;44,5333;44,5367;0;0
2002-03-26;45,1667;45,1833;44,6333;45,10;0;0
2002-03-25;44,90;45,1667;44,42;44,96;0;0
2002-03-22;44,3367;44,9633;44,20;44,9633;0;0
2002-03-21; ; ; ;44,20;0;0
2002-03-20; ; ; ;44,4333;0;0
2002-03-19;44,50;44,6667;43,9167;44,00;0;0
2002-03-18;45,00;45,0533;44,4067;44,5167;0;0
2002-03-15;44,1633;45,3167;43,8333;45,3167;0;0
2002-03-14;43,5033;44,8133;43,4367;43,7667;0;0
2002-03-13;42,95;43,85;42,95;43,75;0;0
2002-03-12;43,0333;43,9333;42,7833;42,95;0;0
2002-03-11;44,50;44,96;43,0867;43,3333;0;0
2002-03-08;42,8667;45,00;42,70;43,9333;0;0
2002-03-07;43,23;43,23;42,3333;42,3333;0;0
2002-03-06;43,2333;43,2333;42,7333;42,80;0;0
2002-03-05;42,9833;43,24;42,6067;42,6667;0;0
2002-03-04;43,20;43,43;42,50;42,50;0;0
2002-03-01;42,49;43,3333;42,4833;42,5367;0;0
2002-02-28;43,00;43,00;42,20;42,20;0;0
2002-02-27;42,6667;43,1667;42,6667;43,1667;0;0
2002-02-26;42,9333;43,2967;42,5033;42,89;0;0
2002-02-25;42,6867;43,0333;42,3333;43,00;0;0
2002-02-22;43,1633;43,6833;42,4333;42,8667;0;0
2002-02-21;43,0333;43,6667;42,4167;43,1667;0;0
2002-02-20;42,3333;44,00;42,20;43,3333;0;0
2002-02-19;43,6667;43,85;42,20;42,20;0;0
2002-02-18;43,5333;43,9667;42,7833;43,8167;0;0
2002-02-15;43,3333;43,4333;42,6667;42,7667;0;0
2002-02-14;44,00;44,00;43,55;43,9667;0;0
2002-02-13;43,5833;43,9833;43,00;43,75;0;0
2002-02-12;43,6667;43,6667;42,54;43,3167;0;0
2002-02-11;43,6667;43,9667;43,0667;43,8667;0;0
2002-02-08;41,9333;43,6467;41,7833;43,32;0;0
2002-02-07;41,8333;42,63;41,75;41,8333;0;0
2002-02-06;45,6667;45,6667;41,8667;42,3333;0;0
2002-02-05;45,6333;46,00;45,57;45,60;0;0
2002-02-04;47,5833;47,60;45,8333;45,9633;0;0
2002-02-01;46,00;48,00;45,75;47,4333;0;0
2002-01-31;45,00;46,00;44,3333;46,00;0;0
2002-01-30;44,5833;44,9667;44,3333;44,9667;0;0
2002-01-29;44,5933;45,3333;44,00;44,6333;0;0
2002-01-28;44,9667;45,00;43,90;44,00;0;0
2002-01-25;44,3267;44,9833;44,2667;44,8333;0;0
2002-01-24;44,8333;44,8333;43,60;44,1667;0;0
2002-01-23;45,0333;45,2967;44,2533;44,8333;0;0
2002-01-22;45,6667;46,0833;44,33;45,35;0;0
2002-01-21;43,7167;46,23;43,71;46,23;0;0
2002-01-18;43,1267;43,9667;42,82;43,8333;0;0
2002-01-17;42,50;43,3333;42,3667;42,99;0;0
2002-01-16;42,5833;42,9667;42,1033;42,55;0;0
2002-01-15;41,8333;42,36;41,6667;42,3333;0;0
2002-01-14;42,3333;42,45;42,1667;42,4167;0;0
2002-01-11;41,6667;42,6167;41,6667;42,3333;0;0
2002-01-10;42,1667;42,6333;41,50;41,50;0;0
2002-01-09;41,70;42,3167;41,6667;42,1667;0;0
2002-01-08;42,6667;42,9667;41,6667;41,6667;0;0
2002-01-07;42,8333;43,10;42,75;43,0833;0;0
2002-01-04;42,9667;42,9667;42,2333;42,75;0;0
2002-01-03;43,1267;43,1267;42,6667;42,9667;0;0
2002-01-02;43,00;43,10;42,17;43,10;0;0
2002-01-01; ; ; ;42,50;0;0
2001-12-31; ; ; ;42,50;0;0
2001-12-28;41,8333;42,60;41,8333;42,50;0;0
2001-12-27;41,13;41,66;40,85;41,25;0;0
2001-12-26; ; ; ;40,8667;0;0
2001-12-25; ; ; ;40,8667;0;0
2001-12-24; ; ; ;40,8667;0;0
2001-12-21;41,3667;42,17;40,8667;40,8667;0;0
2001-12-20;42,00;42,00;41,4167;41,5667;0;0
2001-12-19;41,6667;41,8667;41,3333;41,7667;0;0
2001-12-18;41,50;42,0667;41,50;41,6667;0;0
2001-12-17;41,1333;41,8367;41,00;41,00;0;0
2001-12-14;41,5667;41,9333;40,70;40,70;0;0
2001-12-13;42,2333;42,5333;41,3833;42,00;0;0
2001-12-12;42,8667;42,90;41,6667;41,80;0;0
2001-12-11;42,70;43,3333;42,2333;43,3333;0;0
2001-12-10;43,3667;43,40;42,2667;43,33;0;0
2001-12-07;42,2667;43,99;42,00;43,99;0;0
2001-12-06;42,00;42,9667;42,00;42,3333;0;0
2001-12-05;41,3667;42,2967;41,3667;42,00;0;0
2001-12-04;41,3333;41,6633;40,95;41,6633;0;0
2001-12-03;41,3367;41,4333;40,6733;41,33;0;0
2001-11-30;39,6167;41,50;39,3867;41,33;0;0
2001-11-29;39,10;39,8367;38,90;39,5833;0;0
2001-11-28;39,3333;39,6167;38,60;38,8933;0;0
2001-11-27;38,0333;39,8333;38,0333;39,5333;0;0
2001-11-26;39,4333;39,55;38,1667;38,1667;0;0
2001-11-23;39,3333;39,80;39,30;39,3333;0;0
2001-11-22;39,9333;39,9333;39,1667;39,6167;0;0
2001-11-21;40,0333;40,20;39,4367;39,8333;0;0
2001-11-20;39,20;40,1333;39,20;39,8333;0;0
2001-11-19;39,00;39,5333;38,6667;39,3333;0;0
2001-11-16;38,3333;39,0833;36,90;38,8667;0;0
2001-11-15;39,6667;39,8167;37,00;38,00;0;0
2001-11-14;39,57;40,0833;38,3333;39,3333;0;0
2001-11-13;40,0333;41,2667;39,30;39,6667;0;0
2001-11-12;40,4967;40,7167;39,67;39,67;0;0
2001-11-09;40,8333;40,8667;40,1367;40,55;0;0
2001-11-08;41,2833;41,5833;40,00;40,6667;0;0
2001-11-07;41,7533;41,9667;41,17;41,6667;0;0
2001-11-06;41,5667;42,2667;41,5267;41,75;0;0
2001-11-05;41,5033;42,15;41,4167;42,03;0;0
2001-11-02;41,9967;42,3333;41,4667;42,1667;0;0
2001-11-01;42,00;42,00;41,5833;41,60;0;0
2001-10-31;41,6833;42,1667;41,3333;41,65;0;0
2001-10-30;41,50;42,4667;41,4033;41,55;0;0
2001-10-29;43,00;43,00;41,70;42,3333;0;0
2001-10-26;42,6667;44,00;42,0167;44,00;0;0
2001-10-25;43,30;43,3333;41,6667;42,50;0;0
2001-10-24;42,5033;43,6667;42,5033;42,7333;0;0
2001-10-23;42,50;42,80;42,00;42,50;0;0
2001-10-22;43,30;43,30;42,3333;42,40;0;0
2001-10-19;43,40;43,40;42,45;42,8333;0;0
2001-10-18;44,1667;44,4667;43,3333;44,00;0;0
2001-10-17;45,4167;45,4167;43,0667;44,6667;0;0
2001-10-16;44,60;46,1333;43,00;45,3333;0;0
2001-10-15;43,3333;44,3333;43,00;44,3333;0;0
2001-10-12;43,6667;43,8667;42,6833;43,40;0;0
2001-10-11;43,00;43,3333;42,3333;43,00;0;0
2001-10-10; ; ; ;42,5033;0;0
2001-10-09;43,59;43,59;42,2333;42,5033;0;0
2001-10-08;43,40;43,6667;42,3333;42,5033;0;0
2001-10-05;42,9667;45,8333;42,5833;44,00;0;0
2001-10-04;42,6333;43,00;42,4333;42,8667;0;0
2001-10-03; ; ; ;41,7433;0;0
2001-10-02;41,8767;42,8333;41,8767;42,6667;0;0
2001-10-01;41,9267;41,9267;41,1167;41,3333;0;0
2001-09-28;40,8367;42,3333;40,1667;41,6667;0;0
2001-09-27;40,30;41,00;40,2667;40,70;0;0
2001-09-26;40,3333;40,5833;39,50;39,50;0;0
2001-09-25;40,00;41,3167;39,40;39,50;0;0
2001-09-24;39,6333;40,6667;39,1667;40,40;0;0
2001-09-21;39,6667;40,00;38,3333;38,3333;0;0
2001-09-20;41,00;41,3333;39,3667;40,0333;0;0
2001-09-19;40,37;42,7667;40,3333;41,50;0;0
2001-09-18;41,30;41,30;38,8333;40,8267;0;0
2001-09-17;41,1667;42,00;39,75;40,9633;0;0
2001-09-14; ; ; ;41,3333;0;0
2001-09-13; ; ; ;42,0833;0;0
2001-09-12; ; ; ;40,3333;0;0
2001-09-11; ; ; ;40,00;0;0
2001-09-10;40,6667;41,50;40,00;40,00;0;0
2001-09-07;43,2667;43,2667;41,44;41,44;0;0
2001-09-06;44,75;45,1667;42,3333;43,00;0;0
2001-09-05;44,6667;45,8333;44,60;45,6333;0;0
2001-09-04;44,6667;45,6667;44,40;45,6667;0;0
2001-09-03; ; ; ;44,6667;0;0
2001-08-31; ; ; ;44,20;0;0
2001-08-30; ; ; ;45,4967;0;0
2001-08-29; ; ; ;45,5833;0;0
2001-08-28; ; ; ;46,0833;0;0
2001-08-27; ; ; ;45,8333;0;0
2001-08-24; ; ; ;45,8167;0;0
2001-08-23; ; ; ;45,8333;0;0
2001-08-22; ; ; ;45,8167;0;0
2001-08-21; ; ; ;46,1667;0;0
2001-08-20; ; ; ;46,3333;0;0
2001-08-17; ; ; ;46,1067;0;0
2001-08-16; ; ; ;46,3667;0;0
2001-08-15; ; ; ;46,2667;0;0
2001-08-14; ; ; ;46,3333;0;0
2001-08-13; ; ; ;46,7467;0;0
2001-08-10; ; ; ;46,3333;0;0
2001-08-09; ; ; ;45,8333;0;0
2001-08-08; ; ; ;46,09;0;0
2001-08-07; ; ; ;46,4667;0;0
2001-08-06; ; ; ;45,5033;0;0
2001-08-03; ; ; ;46,2833;0;0
2001-08-02; ; ; ;45,3333;0;0
2001-08-01; ; ; ;44,8333;0;0
2001-07-31; ; ; ;44,9267;0;0
2001-07-30; ; ; ;44,6667;0;0
2001-07-27; ; ; ;45,9667;0;0
2001-07-26; ; ; ;43,67;0;0
2001-07-25; ; ; ;42,8333;0;0
2001-07-24; ; ; ;43,3333;0;0
2001-07-23; ; ; ;42,50;0;0
2001-07-20; ; ; ;42,20;0;0
2001-07-19; ; ; ;42,25;0;0
2001-07-18; ; ; ;42,6667;0;0
2001-07-17; ; ; ;42,1667;0;0
2001-07-16; ; ; ;42,00;0;0
2001-07-13; ; ; ;41,5333;0;0
2001-07-12; ; ; ;41,50;0;0
2001-07-11; ; ; ;41,0667;0;0
2001-07-10; ; ; ;40,60;0;0
2001-07-09; ; ; ;39,8333;0;0
2001-07-06; ; ; ;39,1667;0;0
2001-07-05; ; ; ;41,40;0;0
2001-07-04; ; ; ;41,50;0;0
2001-07-03; ; ; ;41,0033;0;0
2001-07-02; ; ; ;41,60;0;0
2001-06-29; ; ; ;41,1667;0;0
2001-06-28; ; ; ;40,8333;0;0
2001-06-27; ; ; ;41,63;0;0
2001-06-26; ; ; ;42,00;0;0
2001-06-25; ; ; ;41,1333;0;0
2001-06-22; ; ; ;41,5667;0;0
2001-06-21; ; ; ;41,33;0;0
2001-06-20; ; ; ;41,00;0;0
2001-06-19; ; ; ;41,4167;0;0
2001-06-18; ; ; ;41,5667;0;0
2001-06-15; ; ; ;40,0067;0;0
2001-06-14; ; ; ;39,6667;0;0
2001-06-13; ; ; ;40,30;0;0
2001-06-12; ; ; ;40,6667;0;0
2001-06-11; ; ; ;38,40;0;0
2001-06-08; ; ; ;38,80;0;0
2001-06-07; ; ; ;37,8333;0;0
2001-06-06; ; ; ;37,6667;0;0
2001-06-05; ; ; ;37,3333;0;0
2001-06-04; ; ; ;37,65;0;0
2001-06-01; ; ; ;36,6833;0;0
2001-05-31; ; ; ;37,4167;0;0
2001-05-30; ; ; ;37,50;0;0
2001-05-29; ; ; ;37,50;0;0
2001-05-28; ; ; ;37,1667;0;0
2001-05-25; ; ; ;37,4167;0;0
2001-05-24; ; ; ;37,6167;0;0
2001-05-23; ; ; ;37,3333;0;0
2001-05-22; ; ; ;37,0667;0;0
2001-05-21; ; ; ;37,00;0;0
2001-05-18; ; ; ;36,6667;0;0
2001-05-17; ; ; ;36,66;0;0
2001-05-16; ; ; ;37,3167;0;0
2001-05-15; ; ; ;36,6333;0;0
2001-05-14; ; ; ;36,00;0;0
2001-05-11; ; ; ;35,25;0;0
2001-05-10; ; ; ;35,6667;0;0
2001-05-09; ; ; ;36,1667;0;0
2001-05-08; ; ; ;35,40;0;0
2001-05-07; ; ; ;35,3333;0;0
2001-05-04; ; ; ;36,00;0;0
2001-05-03; ; ; ;36,1667;0;0
2001-05-02; ; ; ;36,7333;0;0
2001-05-01; ; ; ;38,4667;0;0
2001-04-30; ; ; ;38,4667;0;0
2001-04-27; ; ; ;38,1667;0;0
2001-04-26; ; ; ;36,9633;0;0
2001-04-25; ; ; ;38,23;0;0
2001-04-24; ; ; ;37,3333;0;0
2001-04-23; ; ; ;37,4667;0;0
2001-04-20; ; ; ;37,4667;0;0
2001-04-19; ; ; ;36,8333;0;0
2001-04-18; ; ; ;38,23;0;0
2001-04-17; ; ; ;39,1933;0;0
2001-04-16; ; ; ;38,3333;0;0
2001-04-13; ; ; ;38,3333;0;0
2001-04-12; ; ; ;38,3333;0;0
2001-04-11; ; ; ;38,4967;0;0
2001-04-10; ; ; ;37,80;0;0
2001-04-09; ; ; ;37,9833;0;0
2001-04-06; ; ; ;38,3333;0;0
2001-04-05; ; ; ;38,8333;0;0
2001-04-04; ; ; ;39,00;0;0
2001-04-03; ; ; ;37,6667;0;0
2001-04-02; ; ; ;38,4333;0;0
2001-03-30; ; ; ;40,00;0;0
2001-03-29; ; ; ;37,5667;0;0
2001-03-28; ; ; ;38,80;0;0
2001-03-27; ; ; ;39,3333;0;0
2001-03-26; ; ; ;37,4667;0;0
2001-03-23; ; ; ;37,00;0;0
2001-03-22; ; ; ;34,0333;0;0
2001-03-21; ; ; ;37,8167;0;0
2001-03-20; ; ; ;37,15;0;0
2001-03-19; ; ; ;38,3333;0;0
2001-03-16; ; ; ;36,9333;0;0
2001-03-15; ; ; ;39,4667;0;0
2001-03-14; ; ; ;37,25;0;0
2001-03-13; ; ; ;37,8333;0;0
2001-03-12; ; ; ;39,00;0;0
2001-03-09; ; ; ;41,5667;0;0
2001-03-08; ; ; ;42,6667;0;0
2001-03-07; ; ; ;44,6667;0;0
2001-03-06; ; ; ;41,1667;0;0
2001-03-05; ; ; ;41,00;0;0
2001-03-02; ; ; ;40,8667;0;0
2001-03-01; ; ; ;40,00;0;0
2001-02-28; ; ; ;41,6667;0;0
2001-02-27; ; ; ;41,1667;0;0
2001-02-26; ; ; ;40,10;0;0
2001-02-23; ; ; ;39,3333;0;0
2001-02-22; ; ; ;39,00;0;0
2001-02-21; ; ; ;38,4667;0;0
2001-02-20; ; ; ;38,1667;0;0
2001-02-19; ; ; ;38,65;0;0
2001-02-16; ; ; ;38,5167;0;0
2001-02-15; ; ; ;39,7333;0;0
2001-02-14; ; ; ;41,0333;0;0
2001-02-13; ; ; ;39,3333;0;0
2001-02-12; ; ; ;38,4333;0;0
2001-02-09; ; ; ;38,8333;0;0
2001-02-08; ; ; ;38,1667;0;0
2001-02-07; ; ; ;38,6667;0;0
2001-02-06; ; ; ;37,7333;0;0
2001-02-05; ; ; ;37,7333;0;0
2001-02-02; ; ; ;36,9667;0;0
2001-02-01; ; ; ;35,85;0;0
2001-01-31; ; ; ;36,0833;0;0
2001-01-30; ; ; ;36,60;0;0
2001-01-29; ; ; ;36,50;0;0
2001-01-26; ; ; ;34,3333;0;0
2001-01-25; ; ; ;35,6667;0;0
2001-01-24; ; ; ;35,7333;0;0
2001-01-23; ; ; ;35,10;0;0
2001-01-22; ; ; ;36,00;0;0
2001-01-19; ; ; ;33,40;0;0
2001-01-18; ; ; ;34,3167;0;0
2001-01-17; ; ; ;34,0667;0;0
2001-01-16; ; ; ;33,2667;0;0
2001-01-15; ; ; ;33,6667;0;0
2001-01-12; ; ; ;35,2533;0;0
2001-01-11; ; ; ;34,3167;0;0
2001-01-10; ; ; ;31,6667;0;0
2001-01-09; ; ; ;31,00;0;0
2001-01-08; ; ; ;33,6667;0;0
2001-01-05; ; ; ;38,9833;0;0
2001-01-04; ; ; ;37,8267;0;0
2001-01-03; ; ; ;38,6667;0;0
2001-01-02; ; ; ;38,3333;0;0
2001-01-01; ; ; ;37,1667;0;0
2000-12-29; ; ; ;37,1667;0;0
2000-12-28; ; ; ;36,1333;0;0
2000-12-27; ; ; ;35,3333;0;0
2000-12-26; ; ; ;37,00;0;0
2000-12-25; ; ; ;37,00;0;0
2000-12-22; ; ; ;37,00;0;0
2000-12-21; ; ; ;36,70;0;0
2000-12-20; ; ; ;37,8333;0;0
2000-12-19; ; ; ;38,3333;0;0
2000-12-18; ; ; ;37,6667;0;0
2000-12-15; ; ; ;37,50;0;0
2000-12-14; ; ; ;39,60;0;0
2000-12-13; ; ; ;38,9667;0;0
2000-12-12; ; ; ;38,3333;0;0
2000-12-11; ; ; ;39,9333;0;0
2000-12-08; ; ; ;42,75;0;0
2000-12-07; ; ; ;43,6333;0;0
2000-12-06; ; ; ;42,50;0;0
2000-12-05; ; ; ;41,9667;0;0
2000-12-04; ; ; ;38,30;0;0
2000-12-01; ; ; ;38,8333;0;0
2000-11-30; ; ; ;40,50;0;0
2000-11-29; ; ; ;42,6667;0;0
2000-11-28; ; ; ;40,3333;0;0
2000-11-27; ; ; ;41,1667;0;0
2000-11-24; ; ; ;41,0333;0;0
2000-11-23; ; ; ;40,0167;0;0
2000-11-22; ; ; ;38,6667;0;0
2000-11-21; ; ; ;38,3333;0;0
2000-11-20; ; ; ;39,9667;0;0
2000-11-17; ; ; ;37,00;0;0
2000-11-16; ; ; ;38,00;0;0
2000-11-15; ; ; ;38,50;0;0
2000-11-14; ; ; ;40,3333;0;0
2000-11-13; ; ; ;43,3333;0;0
2000-11-10; ; ; ;44,6333;0;0
2000-11-09; ; ; ;44,6667;0;0
2000-11-08; ; ; ;46,6667;0;0
2000-11-07; ; ; ;43,30;0;0
2000-11-06; ; ; ;41,6667;0;0
2000-11-03; ; ; ;41,1833;0;0
2000-11-02; ; ; ;43,3333;0;0
2000-11-01; ; ; ;39,00;0;0
2000-10-31; ; ; ;37,6667;0;0
2000-10-30; ; ; ;39,3333;0;0
2000-10-27; ; ; ;36,70;0;0
2000-10-26; ; ; ;38,3333;0;0
2000-10-25; ; ; ;38,3333;0;0
2000-10-24; ; ; ;35,9333;0;0
2000-10-23; ; ; ;36,60;0;0
2000-10-20; ; ; ;36,75;0;0
2000-10-19; ; ; ;36,8333;0;0
2000-10-18; ; ; ;37,3333;0;0
2000-10-17; ; ; ;36,6667;0;0
2000-10-16; ; ; ;35,9167;0;0
2000-10-13; ; ; ;36,00;0;0
2000-10-12; ; ; ;35,00;0;0
2000-10-11; ; ; ;35,1333;0;0
2000-10-10; ; ; ;37,00;0;0
2000-10-09; ; ; ;37,00;0;0
2000-10-06; ; ; ;36,6667;0;0
2000-10-05; ; ; ;35,0233;0;0
2000-10-04; ; ; ;35,3667;0;0
2000-10-02; ; ; ;36,3333;0;0
2000-09-29; ; ; ;35,6667;0;0
2000-09-28; ; ; ;35,84;0;0
2000-09-27; ; ; ;35,3333;0;0
2000-09-26; ; ; ;35,4667;0;0
2000-09-25; ; ; ;34,87;0;0
2000-09-22; ; ; ;35,3333;0;0
2000-09-21; ; ; ;34,95;0;0
2000-09-20; ; ; ;36,6667;0;0
2000-09-19; ; ; ;36,9967;0;0
2000-09-18; ; ; ;35,0033;0;0
2000-09-15; ; ; ;35,00;0;0
2000-09-14; ; ; ;37,80;0;0
2000-09-13; ; ; ;35,3333;0;0
2000-09-12; ; ; ;35,6667;0;0
2000-09-11; ; ; ;35,50;0;0
2000-09-08; ; ; ;36,6667;0;0
2000-09-07; ; ; ;36,8333;0;0
2000-09-06; ; ; ;37,50;0;0
2000-09-05; ; ; ;36,6667;0;0
2000-09-04; ; ; ;37,3333;0;0
2000-09-01; ; ; ;34,3333;0;0
2000-08-31; ; ; ;33,6667;0;0
2000-08-30; ; ; ;35,8333;0;0
2000-08-29; ; ; ;35,6667;0;0
2000-08-28; ; ; ;36,3333;0;0
2000-08-25; ; ; ;34,50;0;0
2000-08-24; ; ; ;34,50;0;0
2000-08-23; ; ; ;34,50;0;0
2000-08-22; ; ; ;34,1667;0;0
2000-08-21; ; ; ;34,1667;0;0
2000-08-18; ; ; ;32,3333;0;0
2000-08-17; ; ; ;32,3333;0;0
2000-08-16; ; ; ;35,3333;0;0
2000-08-15; ; ; ;38,00;0;0
2000-08-14; ; ; ;35,00;0;0
2000-08-11; ; ; ;37,6667;0;0
2000-08-10; ; ; ;37,6667;0;0
2000-08-09; ; ; ;36,00;0;0
2000-08-08; ; ; ;35,5833;0;0
2000-08-07; ; ; ;38,8333;0;0
2000-08-04; ; ; ;38,8333;0;0
2000-08-03; ; ; ;36,6667;0;0
2000-08-02; ; ; ;34,8667;0;0
2000-08-01; ; ; ;36,6667;0;0
2000-07-31; ; ; ;37,00;0;0
2000-07-28; ; ; ;33,50;0;0
2000-07-27; ; ; ;33,00;0;0
2000-07-26; ; ; ;33,00;0;0
2000-07-25; ; ; ;32,6667;0;0
2000-07-24; ; ; ;32,8333;0;0
2000-07-21; ; ; ;32,3333;0;0
2000-07-20; ; ; ;33,0833;0;0
2000-07-19; ; ; ;33,6333;0;0
2000-07-18; ; ; ;33,8333;0;0
2000-07-17; ; ; ;33,0833;0;0
2000-07-14; ; ; ;32,5033;0;0
2000-07-13; ; ; ;33,00;0;0
2000-07-12; ; ; ;32,00;0;0
2000-07-11; ; ; ;32,00;0;0
2000-07-10; ; ; ;33,00;0;0
2000-07-07; ; ; ;31,6667;0;0
2000-07-06; ; ; ;29,50;0;0
2000-07-05; ; ; ;29,50;0;0
2000-07-04; ; ; ;33,00;0;0
2000-07-03; ; ; ;31,60;0;0
2000-06-30; ; ; ;30,00;0;0
2000-06-29; ; ; ;29,4167;0;0
2000-06-28; ; ; ;29,50;0;0
2000-06-27; ; ; ;30,3333;0;0
2000-06-26; ; ; ;30,6667;0;0
2000-06-23; ; ; ;31,33;0;0
2000-06-22; ; ; ;30,50;0;0
2000-06-21; ; ; ;31,3333;0;0
2000-06-20; ; ; ;29,5433;0;0
2000-06-19; ; ; ;29,4667;0;0
2000-06-16; ; ; ;29,5333;0;0
2000-06-15; ; ; ;28,50;0;0
2000-06-14; ; ; ;28,6667;0;0
2000-06-13; ; ; ;29,8333;0;0
2000-06-12; ; ; ;29,50;0;0
2000-06-09; ; ; ;28,9333;0;0
2000-06-08; ; ; ;28,60;0;0
2000-06-07; ; ; ;29,6667;0;0
2000-06-06; ; ; ;29,6667;0;0
2000-06-05; ; ; ;28,6167;0;0
2000-06-02; ; ; ;28,3333;0;0
2000-06-01; ; ; ;28,3333;0;0
2000-05-31; ; ; ;27,1667;0;0
2000-05-30; ; ; ;27,50;0;0
2000-05-29; ; ; ;26,67;0;0
2000-05-26; ; ; ;26,6333;0;0
2000-05-25; ; ; ;28,3333;0;0
2000-05-24; ; ; ;29,1667;0;0
2000-05-23; ; ; ;28,8333;0;0
2000-05-22; ; ; ;28,6667;0;0
2000-05-19; ; ; ;27,6667;0;0
2000-05-18; ; ; ;28,2667;0;0
2000-05-17; ; ; ;26,5333;0;0
2000-05-16; ; ; ;25,6667;0;0
2000-05-15; ; ; ;25,6633;0;0
2000-05-12; ; ; ;25,60;0;0
2000-05-11; ; ; ;24,3933;0;0
2000-05-10; ; ; ;25,45;0;0
2000-05-09; ; ; ;26,60;0;0
2000-05-08; ; ; ;25,50;0;0
2000-05-05; ; ; ;25,00;0;0
2000-05-04; ; ; ;24,1667;0;0
2000-05-03; ; ; ;23,6667;0;0
2000-05-02; ; ; ;23,6333;0;0
2000-05-01; ; ; ;23,90;0;0
2000-04-28; ; ; ;23,90;0;0
2000-04-27; ; ; ;23,00;0;0
2000-04-26; ; ; ;22,60;0;0
2000-04-25; ; ; ;22,60;0;0
2000-04-24; ; ; ;22,6667;0;0
2000-04-21; ; ; ;22,6667;0;0
2000-04-20; ; ; ;22,6667;0;0
2000-04-19; ; ; ;22,7333;0;0
2000-04-18; ; ; ;22,7333;0;0
2000-04-17; ; ; ;22,6667;0;0
2000-04-14; ; ; ;22,3333;0;0
2000-04-13; ; ; ;22,9167;0;0
2000-04-12; ; ; ;23,3333;0;0
2000-04-11; ; ; ;22,8667;0;0
2000-04-10; ; ; ;24,3667;0;0
2000-04-07; ; ; ;23,20;0;0
2000-04-06; ; ; ;23,3333;0;0
2000-04-05; ; ; ;23,0033;0;0
2000-04-04; ; ; ;23,40;0;0
2000-04-03; ; ; ;23,3333;0;0
2000-03-31; ; ; ;25,3333;0;0
2000-03-30; ; ; ;24,00;0;0
2000-03-29; ; ; ;24,10;0;0
2000-03-28; ; ; ;24,0033;0;0
2000-03-27; ; ; ;23,7333;0;0
2000-03-24; ; ; ;22,6667;0;0
2000-03-23; ; ; ;21,4167;0;0
2000-03-22; ; ; ;21,60;0;0
2000-03-21; ; ; ;21,4967;0;0
2000-03-20; ; ; ;21,2667;0;0
2000-03-17; ; ; ;21,2833;0;0
2000-03-16; ; ; ;20,9333;0;0
2000-03-15; ; ; ;20,1833;0;0
2000-03-14; ; ; ;20,3333;0;0
2000-03-13; ; ; ;21,3333;0;0
2000-03-10; ; ; ;19,95;0;0
2000-03-09; ; ; ;20,20;0;0
2000-03-08; ; ; ;20,6333;0;0
2000-03-07; ; ; ;20,6333;0;0
2000-03-06; ; ; ;21,10;0;0
2000-03-03; ; ; ;20,8333;0;0
2000-03-02; ; ; ;20,1667;0;0
2000-03-01; ; ; ;20,1667;0;0
2000-02-29; ; ; ;20,95;0;0
2000-02-28; ; ; ;20,6667;0;0
2000-02-25; ; ; ;21,3333;0;0
2000-02-24; ; ; ;21,8333;0;0
2000-02-23; ; ; ;22,3333;0;0
2000-02-22; ; ; ;22,9333;0;0
2000-02-21; ; ; ;22,5667;0;0
2000-02-18; ; ; ;22,4333;0;0
2000-02-17; ; ; ;22,4167;0;0
2000-02-16; ; ; ;24,1333;0;0
2000-02-15; ; ; ;23,9333;0;0
2000-02-14; ; ; ;23,6667;0;0
2000-02-11; ; ; ;24,8333;0;0
2000-02-10; ; ; ;25,3333;0;0
2000-02-09; ; ; ;22,5833;0;0
2000-02-08; ; ; ;22,6667;0;0
2000-02-07; ; ; ;22,40;0;0
2000-02-04; ; ; ;22,6667;0;0
2000-02-03; ; ; ;22,65;0;0
2000-02-02; ; ; ;22,3333;0;0
2000-02-01; ; ; ;22,6667;0;0
2000-01-31; ; ; ;21,5167;0;0
2000-01-28; ; ; ;22,6667;0;0
2000-01-27; ; ; ;22,6667;0;0
2000-01-26; ; ; ;22,50;0;0
2000-01-25; ; ; ;21,3333;0;0
2000-01-24; ; ; ;21,6333;0;0
2000-01-21; ; ; ;21,80;0;0
2000-01-20; ; ; ;23,30;0;0
2000-01-19; ; ; ;23,30;0;0
2000-01-18; ; ; ;22,6667;0;0
2000-01-17; ; ; ;23,33;0;0
2000-01-14; ; ; ;22,5833;0;0
2000-01-13; ; ; ;22,1633;0;0
2000-01-12; ; ; ;21,7167;0;0
2000-01-11; ; ; ;21,8833;0;0
2000-01-10; ; ; ;22,6667;0;0
2000-01-07; ; ; ;22,33;0;0
2000-01-06; ; ; ;21,8667;0;0
2000-01-05; ; ; ;21,00;0;0
2000-01-04; ; ; ;21,3333;0;0
2000-01-03; ; ; ;23,6667;0;0




